1748267999958,,
1748268000183,,
1748268000593,,
1748268001394,,
1748268004354.0,5389.01,5390.51
1748268006294,,
1748268007343,,
1748268008553,,
1748268009937,,
1748268012241,,
1748268015359,,
1748268017465,,
1748268022469,,
1748268023218,,
1748268031378,,
1748268034681.0,5390.01,5391.51
1748268036626.0,5389.01,5390.51
1748268040252,,
1748268041697,,
1748268046585,,
1748268050413.0,5388.01,5389.51
1748268055252,,
1748268055478.0,5387.01,5388.51
1748268055799,,
1748268058729,,
1748268060259,,
1748268062437,,
1748268075521,,
1748268077500.0,5388.01,5389.51
1748268086417.0,5387.01,5388.51
1748268090251,,
1748268105376,,
1748268108033,,
1748268108258,,
1748268109135.0,5388.01,5389.51
1748268121822,,
1748268131235,,
1748268141236,,
1748268151236,,
1748268158014,,
1748268161219,,
1748268162178,,
1748268171233,,
1748268171551,,
1748268172344,,
1748268181223,,
1748268190925,,
1748268191469,,
1748268196208,,
1748268200408,,
1748268217445.0,5387.01,5388.51
1748268221486.0,5386.01,5387.51
1748268221905,,
1748268222515,,
1748268223770,,
1748268224221,,
1748268224963,,
1748268225638,,
1748268231217,,
1748268235031,,
1748268239941,,
1748268245465,,
1748268248706,,
1748268253158,,
1748268257267,,
1748268280252,,
1748268284867,,
1748268287691,,
1748268292648,,
1748268292871,,
1748268293711,,
1748268299940,,
1748268301058.0,5385.01,5386.51
1748268304757,,
1748268307278.0,5386.01,5387.51
1748268313615.0,5385.01,5386.51
1748268320252,,
1748268325475,,
1748268332762,,
1748268342591,,
1748268354507,,
1748268355188,,
1748268359943,,
1748268361557,,
1748268374291.0,5384.01,5385.51
1748268381187,,
1748268384242,,
1748268387553,,
1748268395871.0,5383.01,5384.51
1748268397498,,
1748268400249,,
1748268400504.0,5384.01,5385.51
1748268401259,,
1748268401867,,
1748268408823,,
1748268410642.0,5383.01,5384.51
1748268414220,,
1748268419943,,
1748268434392,,
1748268444507,,
1748268451411,,
1748268456728,,
1748268458176.0,5384.01,5385.51
1748268459172.0,5383.01,5384.51
1748268459664.0,5384.01,5385.51
1748268461622,,
1748268462241,,
1748268463862,,
1748268466670,,
1748268469607,,
1748268482367,,
1748268482920,,
1748268483828,,
1748268491331,,
1748268491988.0,5385.01,5386.51
1748268507920,,
1748268508327,,
1748268514117,,
1748268519152,,
1748268540251,,
1748268553424,,
1748268555766.0,5386.01,5387.51
1748268556505.0,5387.01,5388.51
1748268557700,,
1748268559659,,
1748268565132.0,5386.01,5387.51
1748268566874,,
1748268567106,,
1748268570252,,
1748268574259,,
1748268578061,,
1748268581610,,
1748268582070,,
1748268586058,,
1748268590130,,
1748268594181,,
1748268594957,,
1748268595181,,
1748268598313,,
1748268599558,,
1748268600012.0,5385.98,5387.48
1748268603243,,
1748268605931,,
1748268606751,,
1748268607921,,
1748268608564.0,5386.98,5388.48
1748268609678,,
1748268626749,,
1748268630529,,
1748268633826,,
1748268643122,,
1748268643572,,
1748268644022,,
1748268645056,,
1748268648828.0,5387.98,5389.48
1748268660903,,
1748268664602.0,5388.98,5390.48
1748268665342,,
1748268670100.0,5387.98,5389.48
1748268673798,,
1748268675501,,
1748268675727.0,5388.98,5390.48
1748268685251,,
1748268694301,,
1748268698796,,
1748268700473,,
1748268701957.0,5387.98,5389.48
1748268705250,,
1748268707295,,
1748268710924,,
1748268713382,,
1748268715469,,
1748268717304,,
1748268724944,,
1748268730147,,
1748268731231,,
1748268737781,,
1748268741232,,
1748268748265,,
1748268750599,,
1748268751226,,
1748268761221,,
1748268771225,,
1748268779940,,
1748268781219,,
1748268792254.0,5388.98,5390.48
1748268792972,,
1748268805998,,
1748268811136,,
1748268811477,,
1748268821785,,
1748268822686,,
1748268823045.0,5389.48,5390.98
1748268823270.0,5388.98,5390.48
1748268824734,,
1748268824984.0,5389.48,5390.98
1748268825208.0,5389.98,5391.48
1748268839242.0,5390.98,5392.48
1748268841275,,
1748268842189.0,5389.98,5391.48
1748268842692,,
1748268843389,,
1748268853096,,
1748268853319,,
1748268853808,,
1748268855245.0,5390.98,5392.48
1748268880252,,
1748268882030,,
1748268905251,,
1748268912281.0,5389.98,5391.48
1748268915251,,
1748268932288,,
1748268955131,,
1748268959267,,
1748268959942,,
1748268980250,,
1748268980474,,
1748268981663,,
1748269005249,,
1748269013906,,
1748269015389,,
1748269018870,,
1748269019940,,
1748269024065.0,5388.98,5390.48
1748269024287,,
1748269025251,,
1748269033079,,
1748269033782.0,5389.98,5391.48
1748269036101.0,5390.98,5392.48
1748269057884,,
1748269060252,,
1748269062181.0,5389.98,5391.48
1748269068340,,
1748269070350,,
1748269072440,,
1748269075446,,
1748269077453,,
1748269077677,,
1748269086268,,
1748269094696,,
1748269115253,,
1748269132839,,
1748269139942,,
1748269143894.0,5390.98,5392.48
1748269153671,,
1748269156623,,
1748269157685,,
1748269157910,,
1748269162113,,
1748269162954,,
1748269178591,,
1748269182044,,
1748269183411,,
1748269188540,,
1748269200013.0,5390.67,5392.17
1748269203264,,
1748269210958,,
1748269213428,,
1748269220196,,
1748269224669,,
1748269227972,,
1748269228560,,
1748269230236,,
1748269232859,,
1748269242060,,
1748269249077,,
1748269250701.0,5389.67,5391.17
1748269255252,,
1748269267932,,
1748269269229.0,5388.67,5390.17
1748269275639,,
1748269300253,,
1748269301212,,
1748269302063,,
1748269302515.0,5388.67,5390.17
1748269307483,,
1748269319942,,
1748269322790,,
1748269325097,,
1748269327839,,
1748269328067.0,5387.67,5389.17
1748269329552.0,5388.67,5390.17
1748269330816,,
1748269332937,,
1748269355250,,
1748269370985,,
1748269375036,,
1748269377406,,
1748269379941,,
1748269399571,,
1748269403411,,
1748269407228,,
1748269420010,,
1748269426202,,
1748269436200,,
1748269440384,,
1748269441377,,
1748269447041,,
1748269448042,,
1748269450440,,
1748269454945.0,5387.67,5389.17
1748269455828.0,5388.67,5390.17
1748269457632,,
1748269466870,,
1748269472340,,
1748269474785,,
1748269477066,,
1748269483701,,
1748269499941,,
1748269501132,,
1748269515541,,
1748269517320,,
1748269519464,,
1748269523234,,
1748269529846.0,5387.67,5389.17
1748269535251,,
1748269542212.0,5388.67,5390.17
1748269543045,,
1748269550609,,
1748269559942,,
1748269566917,,
1748269567821,,
1748269568262.0,5388.67,5390.17
1748269568762,,
1748269573691,,
1748269578736.0,5389.67,5391.17
1748269585140.0,5388.67,5390.17
1748269589545.0,5389.67,5391.17
1748269590896,,
1748269608006.0,5388.67,5390.17
1748269609419,,
1748269611880.0,5387.67,5389.17
1748269615251,,
1748269618152,,
1748269621176,,
1748269627028,,
1748269633564,,
1748269654881.0,5388.67,5390.17
1748269675251,,
1748269684122,,
1748269705253,,
1748269712144,,
1748269713305,,
1748269718780.0,5387.67,5389.17
1748269719455,,
1748269720155.0,5388.67,5390.17
1748269734513,,
1748269751135,,
1748269759044,,
1748269765840,,
1748269771190,,
1748269781094,,
1748269783264,,
1748269789382,,
1748269795253,,
1748269800013.0,5388.85,5390.35
1748269813317,,
1748269824205.0,5389.85,5391.35
1748269833394,,
1748269839285,,
1748269839899.0,5390.85,5392.35
1748269841971,,
1748269842677,,
1748269851666.0,5389.85,5391.35
1748269852145.0,5388.85,5390.35
1748269852582,,
1748269852802.0,5389.85,5391.35
1748269853081,,
1748269853848,,
1748269854482,,
1748269855819,,
1748269863451,,
1748269867071.0,5390.85,5392.35
1748269867872.0,5389.85,5391.35
1748269868611,,
1748269880336.0,5389.85,5391.35
1748269880785.0,5390.85,5392.35
1748269887565.0,5391.85,5393.35
1748269888690,,
1748269890329,,
1748269902351.0,5392.85,5394.35
1748269904110,,
1748269907078,,
1748269908108,,
1748269918325,,
1748269922407,,
1748269944633,,
1748269945279,,
1748269947234,,
1748269948529,,
1748269949637.0,5391.85,5393.35
1748269950517,,
1748269954631,,
1748269962756.0,5390.85,5392.35
1748269965251,,
1748269969774,,
1748269973872.0,5391.85,5393.35
1748269980754,,
1748269981986.0,5391.35,5392.85
1748269982211.0,5391.85,5393.35
1748269983390.0,5390.85,5392.35
1748269983684,,
1748269984662.0,5391.35,5392.85
1748269985398.0,5391.85,5393.35
1748269985621,,
1748270010250,,
1748270025557,,
1748270035251,,
1748270036031,,
1748270039421.0,5390.85,5392.35
1748270040468.0,5391.85,5393.35
1748270045127,,
1748270065251,,
1748270077199,,
1748270093763,,
1748270094521,,
1748270097796,,
1748270100846,,
1748270101530.0,5390.85,5392.35
1748270101753.0,5391.85,5393.35
1748270101979.0,5390.85,5392.35
1748270102203,,
1748270112143.0,5389.85,5391.35
1748270112367.0,5390.35,5391.85
1748270112594.0,5389.85,5391.35
1748270113340,,
1748270114493.0,5390.85,5392.35
1748270115366,,
1748270116568,,
1748270117404,,
1748270117942.0,5389.85,5391.35
1748270127611.0,5388.85,5390.35
1748270129727,,
1748270130232,,
1748270145884,,
1748270146110,,
1748270151877,,
1748270156217.0,5389.85,5391.35
1748270160376,,
1748270161635,,
1748270163094,,
1748270170361,,
1748270171485.0,5389.35,5390.85
1748270171900.0,5389.85,5391.35
1748270183950,,
1748270184635,,
1748270185250,,
1748270189635,,
1748270191009,,
1748270193348,,
1748270197148,,
1748270203047,,
1748270212342,,
1748270215086,,
1748270227684.0,5390.85,5392.35
1748270230137,,
1748270242179,,
1748270254217,,
1748270257774,,
1748270260421,,
1748270266541,,
1748270268016,,
1748270268241.0,5389.85,5391.35
1748270269015.0,5390.85,5392.35
1748270269477,,
1748270269701,,
1748270272321,,
1748270277532.0,5389.85,5391.35
1748270282301.0,5390.85,5392.35
1748270283344,,
1748270287660,,
1748270287886.0,5390.35,5391.85
1748270289586.0,5390.85,5392.35
1748270289802,,
1748270308398,,
1748270310499,,
1748270320437,,
1748270332478.0,5389.85,5391.35
1748270333263,,
1748270333726.0,5390.85,5392.35
1748270342664.0,5389.85,5391.35
1748270344952,,
1748270359567,,
1748270365252,,
1748270370928,,
1748270380584,,
1748270385241,,
1748270395269,,
1748270400016.0,5389.58,5391.08
1748270404455,,
1748270409739.0,5390.58,5392.08
1748270412683,,
1748270413250,,
1748270415630,,
1748270419797.0,5389.58,5391.08
1748270421342,,
1748270422708,,
1748270428537,,
1748270432110,,
1748270432336,,
1748270434158.0,5390.58,5392.08
1748270443808,,
1748270460633,,
1748270470573,,
1748270472786,,
1748270477003.0,5391.58,5393.08
1748270487164.0,5392.58,5394.08
1748270492247,,
1748270493124,,
1748270494942,,
1748270497297,,
1748270500272,,
1748270502023,,
1748270505673.0,5391.58,5393.08
1748270505895,,
1748270507270,,
1748270507494,,
1748270507777,,
1748270508855.0,5392.08,5393.58
1748270510424.0,5392.58,5394.08
1748270515657,,
1748270518167,,
1748270522913,,
1748270526506,,
1748270533566,,
1748270535605,,
1748270540912,,
1748270541895.0,5393.58,5395.08
1748270542725,,
1748270543753.0,5392.58,5394.08
1748270544634,,
1748270546051,,
1748270549496.0,5393.58,5395.08
1748270553532,,
1748270556264.0,5392.58,5394.08
1748270557403,,
1748270560250,,
1748270562760,,
1748270572325,,
1748270579601,,
1748270581561,,
1748270588708,,
1748270595795,,
1748270602903,,
1748270613765,,
1748270615721,,
1748270626020,,
1748270642115,,
1748270642933,,
1748270646150,,
1748270649259,,
1748270656367,,
1748270656966,,
1748270662060,,
1748270669580,,
1748270670611,,
1748270674710,,
1748270677375,,
1748270680075,,
1748270683198.0,5393.58,5395.08
1748270694434,,
1748270695274,,
1748270695963,,
1748270700443,,
1748270702621.0,5394.58,5396.08
1748270702846.0,5394.08,5395.58
1748270703128.0,5393.58,5395.08
1748270703355.0,5394.08,5395.58
1748270703745.0,5394.58,5396.08
1748270704706.0,5394.08,5395.58
1748270705179.0,5393.58,5395.08
1748270706650,,
1748270707339,,
1748270710754,,
1748270712871.0,5392.58,5394.08
1748270715249,,
1748270716463,,
1748270720095,,
1748270720451,,
1748270720969,,
1748270732400,,
1748270735160,,
1748270739205.0,5393.58,5395.08
1748270742262,,
1748270749261,,
1748270762342,,
1748270765639,,
1748270770669,,
1748270787142,,
1748270795249,,
1748270806002.0,5394.58,5396.08
1748270817596,,
1748270819041,,
1748270830767,,
1748270831428.0,5395.58,5397.08
1748270832449.0,5394.58,5396.08
1748270836639,,
1748270852920,,
1748270854797,,
1748270859568,,
1748270862497,,
1748270864025,,
1748270868182.0,5393.58,5395.08
1748270869416.0,5394.58,5396.08
1748270872580,,
1748270877572,,
1748270881775,,
1748270890608.0,5393.58,5395.08
1748270891128.0,5394.58,5396.08
1748270893504.0,5393.58,5395.08
1748270901994,,
1748270916612,,
1748270920901,,
1748270922820.0,5392.58,5394.08
1748270925252,,
1748270943638,,
1748270946858,,
1748270947354,,
1748270948131,,
1748270948353,,
1748270949363.0,5393.58,5395.08
1748270950395,,
1748270950780,,
1748270960562,,
1748270965232,,
1748270975251,,
1748270976408.0,5393.08,5394.58
1748270976634.0,5393.58,5395.08
1748270981358,,
1748270985253,,
1748270986577,,
1748270990199,,
1748270995247,,
1748270995989,,
1748271000252,,
1748271003269,,
1748271009544,,
1748271011760,,
1748271025044,,
1748271030252,,
1748271034636,,
1748271034861,,
1748271047242,,
1748271050249,,
1748271051353,,
1748271053408.0,5391.11,5392.61
1748271053915,,
1748271054363.0,5392.11,5393.61
1748271055332,,
1748271063192,,
1748271064635.0,5391.11,5392.61
1748271065075.0,5392.11,5393.61
1748271067156,,
1748271070165,,
1748271070912,,
1748271076050,,
1748271089175,,
1748271105603,,
1748271108638,,
1748271110355,,
1748271115797,,
1748271118809,,
1748271119500,,
1748271127806,,
1748271133122,,
1748271138349.0,5393.11,5394.61
1748271152803,,
1748271157637,,
1748271160141,,
1748271163521,,
1748271175946,,
1748271176796,,
1748271180807,,
1748271196125,,
1748271204105,,
1748271205636,,
1748271214389.0,5394.11,5395.61
1748271216449.0,5393.11,5394.61
1748271222613.0,5393.61,5395.11
1748271222857.0,5394.11,5395.61
1748271223621,,
1748271229829,,
1748271237797,,
1748271240578,,
1748271243274,,
1748271247845,,
1748271253789,,
1748271259638,,
1748271262275,,
1748271263050,,
1748271264367,,
1748271276211,,
1748271277694,,
1748271283285,,
1748271284908.0,5393.11,5394.61
1748271285643,,
1748271286300,,
1748271287465,,
1748271288584,,
1748271289646,,
1748271289875.0,5394.11,5395.61
1748271290376.0,5393.11,5394.61
1748271291049.0,5394.11,5395.61
1748271293014.0,5393.11,5394.61
1748271295052,,
1748271295279.0,5394.11,5395.61
1748271303240,,
1748271305256.0,5393.11,5394.61
1748271305482.0,5394.11,5395.61
1748271307740,,
1748271308586,,
1748271315164,,
1748271330922,,
1748271334639,,
1748271352223,,
1748271363168,,
1748271363875,,
1748271367748.0,5393.11,5394.61
1748271368543,,
1748271369416,,
1748271374413.0,5394.11,5395.61
1748271375474,,
1748271378586,,
1748271380590,,
1748271386807,,
1748271388683,,
1748271391937,,
1748271394167,,
1748271395625,,
1748271398836,,
1748271412321,,
1748271415161,,
1748271427717,,
1748271433261,,
1748271453348,,
1748271461636,,
1748271464026,,
1748271471054,,
1748271475896,,
1748271492049,,
1748271493799,,
1748271499944,,
1748271507042,,
1748271520639.0,5395.11,5396.61
1748271521264,,
1748271524204,,
1748271525523.0,5394.11,5395.61
1748271531230,,
1748271543240,,
1748271556967,,
1748271560788,,
1748271563929,,
1748271569647,,
1748271578409,,
1748271587636,,
1748271595255,,
1748271597026,,
1748271597618,,
1748271600012.0,5394.19,5395.69
1748271601272,,
1748271604275.0,5393.19,5394.69
1748271606255,,
1748271607147,,
1748271608835.0,5394.19,5395.69
1748271610459.0,5393.19,5394.69
1748271614256,,
1748271615081.0,5394.19,5395.69
1748271616366.0,5393.19,5394.69
1748271617272,,
1748271622267,,
1748271625808,,
1748271628255,,
1748271634254,,
1748271635335,,
1748271637003,,
1748271639152,,
1748271640254,,
1748271646254,,
1748271653261,,
1748271658253,,
1748271659159,,
1748271660035,,
1748271667255,,
1748271669047.0,5392.19,5393.69
1748271670431,,
1748271672011.0,5391.19,5392.69
1748271672930.0,5392.19,5393.69
1748271674255,,
1748271681253,,
1748271688254,,
1748271691531,,
1748271693344.0,5393.19,5394.69
1748271694675.0,5392.19,5393.69
1748271697647,,
1748271699254,,
1748271701101,,
1748271707255,,
1748271708583,,
1748271709032,,
1748271715257.0,5391.19,5392.69
1748271718204,,
1748271720244.0,5391.69,5393.19
1748271720466.0,5392.19,5393.69
1748271720690.0,5391.69,5393.19
1748271724590.0,5392.19,5393.69
1748271727255.0,5391.69,5393.19
1748271728632.0,5392.19,5393.69
1748271735179,,
1748271737256,,
1748271739032.0,5391.69,5393.19
1748271739256.0,5392.19,5393.69
1748271740254,,
1748271743079.0,5389.19,5390.69
1748271745239.0,5390.19,5391.69
1748271746857.0,5389.19,5390.69
1748271748099.0,5389.69,5391.19
1748271748326.0,5389.19,5390.69
1748271750915,,
1748271757105,,
1748271760491,,
1748271761479,,
1748271770255,,
1748271772477,,
1748271779258.0,5388.19,5389.69
1748271780161,,
1748271781524,,
1748271781748,,
1748271783368,,
1748271787404,,
1748271788254,,
1748271789645,,
1748271796282,,
1748271797301,,
1748271797778,,
1748271800254,,
1748271802477,,
1748271809113.0,5387.19,5388.69
1748271809883.0,5388.19,5389.69
1748271810106.0,5387.19,5388.69
1748271812493,,
1748271816279.0,5388.19,5389.69
1748271817350,,
1748271823255,,
1748271829638,,
1748271831712,,
1748271831936,,
1748271836256.0,5387.19,5388.69
1748271839467,,
1748271840903,,
1748271847254,,
1748271851257,,
1748271857353,,
1748271858255.0,5386.19,5387.69
1748271859738.0,5387.19,5388.69
1748271861211,,
1748271862040,,
1748271863894,,
1748271864119,,
1748271865531,,
1748271869008,,
1748271870040,,
1748271878224,,
1748271880245,,
1748271884256,,
1748271885712.0,5386.19,5387.69
1748271886128,,
1748271886990,,
1748271887682,,
1748271891952.0,5387.19,5388.69
1748271895174.0,5386.19,5387.69
1748271897380,,
1748271901256,,
1748271906188,,
1748271912061,,
1748271913178,,
1748271914032,,
1748271914661.0,5385.19,5386.69
1748271915306,,
1748271915813,,
1748271916265.0,5386.19,5387.69
1748271917682.0,5385.19,5386.69
1748271918583,,
1748271919736,,
1748271919962.0,5386.19,5387.69
1748271920187.0,5385.19,5386.69
1748271921231,,
1748271922483,,
1748271923547,,
1748271925467,,
1748271927477,,
1748271927702,,
1748271928491,,
1748271929337,,
1748271932257,,
1748271937340,,
1748271942463,,
1748271945226,,
1748271948256,,
1748271952322,,
1748271952798,,
1748271953021,,
1748271956437,,
1748271959340,,
1748271961903,,
1748271963037,,
1748271966254,,
1748271967609,,
1748271980257,,
1748271992119,,
1748271994259,,
1748271997274,,
1748272008256,,
1748272017214.0,5386.19,5387.69
1748272018222.0,5385.19,5386.69
1748272019642,,
1748272020608,,
1748272022338,,
1748272025170,,
1748272029174,,
1748272031674,,
1748272038266,,
1748272039236,,
1748272044255,,
1748272059255,,
1748272063796,,
1748272065637,,
1748272068277,,
1748272070877,,
1748272073790,,
1748272074254,,
1748272076174,,
1748272079027,,
1748272079942,,
1748272081411,,
1748272083414,,
1748272084141,,
1748272088254,,
1748272097757,,
1748272098702,,
1748272099837,,
1748272107256,,
1748272107634,,
1748272112634,,
1748272113283,,
1748272121255,,
1748272122827,,
1748272123159,,
1748272125287.0,5386.19,5387.69
1748272126381,,
1748272138200,,
1748272140255,,
1748272141407,,
1748272143394,,
1748272149555,,
1748272154258.0,5385.19,5386.69
1748272154482.0,5385.69,5387.19
1748272155478.0,5385.19,5386.69
1748272155703.0,5386.19,5387.69
1748272165394,,
1748272168195,,
1748272169963,,
1748272173638,,
1748272175781,,
1748272179007,,
1748272182256,,
1748272183862,,
1748272184377,,
1748272188686,,
1748272196255,,
1748272199102,,
1748272200011.0,5386.76,5388.26
1748272203765.0,5387.76,5389.26
1748272207987.0,5388.76,5390.26
1748272209341,,
1748272210150,,
1748272219255,,
1748272221028,,
1748272222689,,
1748272223302,,
1748272230095,,
1748272232638,,
1748272233147,,
1748272237100,,
1748272241122,,
1748272247640,,
1748272251159,,
1748272251674,,
1748272253256,,
1748272259098,,
1748272259942,,
1748272261113,,
1748272267256,,
1748272267480,,
1748272269066,,
1748272269771,,
1748272270298,,
1748272272500,,
1748272276693,,
1748272281254,,
1748272286821,,
1748272293070,,
1748272295258,,
1748272295858,,
1748272299803,,
1748272304067,,
1748272309257,,
1748272310083,,
1748272311048,,
1748272317870,,
1748272323256,,
1748272328350.0,5389.76,5391.26
1748272333812,,
1748272339224,,
1748272341256,,
1748272343722,,
1748272349637,,
1748272351483,,
1748272352246,,
1748272352471,,
1748272353933,,
1748272354919,,
1748272356632,,
1748272359256,,
1748272360201,,
1748272362518,,
1748272364637,,
1748272367354,,
1748272371434,,
1748272375053,,
1748272375277,,
1748272377256,,
1748272379959,,
1748272384241,,
1748272388050,,
1748272390916,,
1748272391142,,
1748272395773,,
1748272403358,,
1748272405254,,
1748272408261,,
1748272413476,,
1748272414757,,
1748272419257,,
1748272421140,,
1748272421863,,
1748272424637,,
1748272431851,,
1748272433256.0,5388.76,5390.26
1748272434412,,
1748272439077,,
1748272442293,,
1748272445454,,
1748272445672,,
1748272446117,,
1748272446343,,
1748272449521,,
1748272454346,,
1748272455162,,
1748272457578,,
1748272459639,,
1748272459863,,
1748272460622,,
1748272462411,,
1748272463163,,
1748272466500,,
1748272468135,,
1748272471055.0,5389.76,5391.26
1748272478254,,
1748272478757,,
1748272479211.0,5388.76,5390.26
1748272483604,,
1748272484465,,
1748272487603,,
1748272489758,,
1748272491258,,
1748272494337,,
1748272495256,,
1748272499941,,
1748272500170,,
1748272504413,,
1748272504636,,
1748272506259,,
1748272507257,,
1748272511757,,
1748272515604,,
1748272517263,,
1748272520258.0,5387.76,5389.26
1748272521556,,
1748272522658,,
1748272524274,,
1748272528251,,
1748272531573,,
1748272533256,,
1748272541261,,
1748272546257,,
1748272548260,,
1748272553823.0,5386.76,5388.26
1748272554849,,
1748272555300,,
1748272557026,,
1748272558690,,
1748272559259.0,5385.76,5387.26
1748272563711.0,5386.76,5388.26
1748272564388,,
1748272566582,,
1748272577260,,
1748272578996,,
1748272583737,,
1748272584447,,
1748272588814.0,5385.76,5387.26
1748272590563,,
1748272592257,,
1748272592542,,
1748272594492,,
1748272597016,,
1748272598900,,
1748272599125,,
1748272600759,,
1748272601745,,
1748272605256,,
1748272609266,,
1748272612020,,
1748272613436,,
1748272616268,,
1748272618256,,
1748272622829,,
1748272625521,,
1748272626635,,
1748272627494.0,5386.76,5388.26
1748272629787,,
1748272633098,,
1748272634450,,
1748272635146.0,5387.76,5389.26
1748272636282,,
1748272641255,,
1748272642690,,
1748272643262,,
1748272650265,,
1748272650507,,
1748272654257,,
1748272657268,,
1748272657962,,
1748272663264,,
1748272667257.0,5386.76,5388.26
1748272667480,,
1748272669590,,
1748272672571,,
1748272677420,,
1748272679944,,
1748272680168.0,5385.76,5387.26
1748272684267,,
1748272684490,,
1748272689303,,
1748272691439,,
1748272693255,,
1748272703718,,
1748272706255,,
1748272709918,,
1748272712638,,
1748272717921,,
1748272718781,,
1748272719256,,
1748272725258,,
1748272731258,,
1748272732256,,
1748272734454,,
1748272737582,,
1748272738032,,
1748272738255,,
1748272745257,,
1748272745944,,
1748272747197,,
1748272747423,,
1748272752259,,
1748272758255,,
1748272762080,,
1748272763271,,
1748272764050,,
1748272765415,,
1748272766284,,
1748272769299,,
1748272769522,,
1748272770263,,
1748272771524,,
1748272771747,,
1748272772258,,
1748272772482,,
1748272773647,,
1748272776260,,
1748272776482,,
1748272778522,,
1748272780287,,
1748272781590,,
1748272784256,,
1748272784480,,
1748272786151,,
1748272789223,,
1748272790778,,
1748272793211,,
1748272794434,,
1748272795580,,
1748272799255,,
1748272799481,,
1748272799705,,
1748272799930,,
1748272800275,,
1748272804034,,
1748272804536,,
1748272804761,,
1748272805722,,
1748272808270,,
1748272809454,,
1748272810120,,
1748272811130,,
1748272811931,,
1748272812157,,
1748272815001,,
1748272817082,,
1748272819413,,
1748272820957,,
1748272822362,,
1748272822983,,
1748272823463,,
1748272825176,,
1748272826721,,
1748272827182,,
1748272828264,,
1748272829257,,
1748272830244,,
1748272831775,,
1748272832266,,
1748272833268,,
1748272833720,,
1748272834498,,
1748272837434,,
1748272838525,,
1748272838749,,
1748272839456,,
1748272840540,,
1748272842261,,
1748272843256,,
1748272845049,,
1748272845868,,
1748272846091,,
1748272848746,,
1748272850194,,
1748272852125,,
1748272854048,,
1748272854741.0,5386.76,5388.26
1748272856935,,
1748272857159,,
1748272857834,,
1748272859011.0,5387.76,5389.26
1748272859941,,
1748272860166,,
1748272860390,,
1748272861220,,
1748272862026,,
1748272862317,,
1748272862476,,
1748272863862,,
1748272864353,,
1748272865042,,
1748272865836,,
1748272866957,,
1748272870146,,
1748272870370,,
1748272871264,,
1748272871717,,
1748272873958,,
1748272876725.0,5386.76,5388.26
1748272880675,,
1748272883277,,
1748272885260,,
1748272886341,,
1748272887354,,
1748272887984,,
1748272891267,,
1748272891718,,
1748272892264,,
1748272893239,,
1748272894437,,
1748272898259,,
1748272901890,,
1748272903628,,
1748272905264,,
1748272909492,,
1748272911921,,
1748272912146,,
1748272915036,,
1748272918504,,
1748272918728,,
1748272919257,,
1748272922842,,
1748272924258,,
1748272927842,,
1748272929267,,
1748272930360,,
1748272931826,,
1748272933480,,
1748272934273,,
1748272934724,,
1748272935259,,
1748272939259,,
1748272941181,,
1748272941404,,
1748272943265,,
1748272943490,,
1748272944264,,
1748272945212,,
1748272945436,,
1748272947854,,
1748272948080,,
1748272948680,,
1748272949356,,
1748272951957,,
1748272952180,,
1748272953322,,
1748272954266,,
1748272955266,,
1748272957113,,
1748272959262,,
1748272960542,,
1748272962280,,
1748272962505,,
1748272963278,,
1748272966552.0,5387.76,5389.26
1748272967941,,
1748272968610,,
1748272968835,,
1748272971965,,
1748272973275,,
1748272973500,,
1748272974866,,
1748272978262,,
1748272979716,,
1748272979942,,
1748272981734,,
1748272983842,,
1748272984519,,
1748272989930,,
1748272990383,,
1748272992266,,
1748272997637,,
1748272998694,,
1748272999266,,
1748273000716,,
1748273001165,,
1748273001845,,
1748273002901,,
1748273003126,,
1748273004502,,
1748273004762,,
1748273006042,,
1748273006599,,
1748273006824,,
1748273007620,,
1748273010574,,
1748273011266,,
1748273012278,,
1748273012882,,
1748273013362,,
1748273017378,,
1748273018164,,
1748273018387,,
1748273021265,,
1748273022922,,
1748273024660.0,5388.76,5390.26
1748273025421,,
1748273026987,,
1748273028265,,
1748273032112,,
1748273033202,,
1748273034777,,
1748273035000,,
1748273035450,,
1748273039941,,
1748273040165,,
1748273042061,,
1748273042280,,
1748273043200,,
1748273044021,,
1748273044244,,
1748273047668,,
1748273048257,,
1748273050022,,
1748273050246,,
1748273051451,,
1748273052127,,
1748273053256,,
1748273059266,,
1748273059909,,
1748273064268,,
1748273064949,,
1748273065174,,
1748273066821,,
1748273070281,,
1748273071619,,
1748273072931,,
1748273074399,,
1748273075271,,
1748273078397,,
1748273078846,,
1748273080370,,
1748273081255,,
1748273085656,,
1748273086264,,
1748273086715,,
1748273087178,,
1748273091476,,
1748273092428,,
1748273092653,,
1748273094637,,
1748273094881,,
1748273096202,,
1748273097804,,
1748273098029,,
1748273098572,,
1748273099838,,
1748273101453,,
1748273102256,,
1748273104710,,
1748273105709,,
1748273108265,,
1748273109174,,
1748273109966,,
1748273110192,,
1748273111254,,
1748273113094,,
1748273113885,,
1748273114630,,
1748273116492,,
1748273117260,,
1748273118908,,
1748273120040,,
1748273120263,,
1748273123185,,
1748273123490,,
1748273126257,,
1748273127590,,
1748273129271,,
1748273132257,,
1748273134497,,
1748273135032,,
1748273135256,,
1748273135483.0,5389.76,5391.26
1748273136335,,
1748273136559,,
1748273136784,,
1748273137309,,
1748273137535,,
1748273137761,,
1748273138717,,
1748273138940,,
1748273139979,,
1748273140124,,
1748273140978,,
1748273141203,,
1748273142071,,
1748273143240,,
1748273143958,,
1748273144181,,
1748273147269,,
1748273147494,,
1748273149053.0,5388.76,5390.26
1748273149276,,
1748273150863,,
1748273151087,,
1748273153008,,
1748273153232,,
1748273155095,,
1748273158255,,
1748273159290,,
1748273159741,,
1748273161281,,
1748273162261,,
1748273165242,,
1748273166113,,
1748273168999,,
1748273171240,,
1748273172258,,
1748273175261.0,5389.76,5391.26
1748273175553,,
1748273176685,,
1748273179262,,
1748273180195,,
1748273181390,,
1748273182256,,
1748273184235,,
1748273184457,,
1748273185360,,
1748273185874,,
1748273186118,,
1748273187241,,
1748273188754,,
1748273189258,,
1748273189969,,
1748273190457,,
1748273192258,,
1748273194754,,
1748273196260,,
1748273198697,,
1748273199271,,
1748273200062,,
1748273201241,,
1748273202831,,
1748273203266,,
1748273203805,,
1748273206259,,
1748273209502,,
1748273210271,,
1748273213240,,
1748273213954,,
1748273214420,,
1748273215983,,
1748273216881,,
1748273217105,,
1748273218749,,
1748273219429,,
1748273219941,,
1748273220261,,
1748273220834,,
1748273221057,,
1748273221508,,
1748273224232,,
1748273225920,,
1748273227152,,
1748273228224,,
1748273229244,,
1748273231121,,
1748273232232,,
1748273233261,,
1748273233746,,
1748273234407,,
1748273235216,,
1748273235668,,
1748273236516,,
1748273236948,,
1748273238094,,
1748273241046,,
1748273242196,,
1748273243258,,
1748273243911,,
1748273245134,,
1748273246266,,
1748273246490,,
1748273247261,,
1748273248329,,
1748273249069,,
1748273249963.0,5390.76,5392.26
1748273250511,,
1748273251033,,
1748273251895,,
1748273252607,,
1748273252834,,
1748273253589,,
1748273253813,,
1748273254487,,
1748273254712,,
1748273254938,,
1748273256037,,
1748273256261,,
1748273256939.0,5391.76,5393.26
1748273257804,,
1748273258451,,
1748273259462,,
1748273260814,,
1748273262500,,
1748273262725,,
1748273265754,,
1748273265980,,
1748273268834,,
1748273271594,,
1748273272601,,
1748273274634,,
1748273275085,,
1748273276226,,
1748273276815,,
1748273277040,,
1748273277900,,
1748273279261,,
1748273279485,,
1748273279935,,
1748273280386,,
1748273281755,,
1748273282259,,
1748273282482,,
1748273282709,,
1748273283693,,
1748273284258,,
1748273284486,,
1748273285309,,
1748273285797,,
1748273286260,,
1748273286778,,
1748273287665,,
1748273288257,,
1748273288482,,
1748273289428,,
1748273290080,,
1748273290660,,
1748273290885,,
1748273291112,,
1748273291785,,
1748273292251,,
1748273292703,,
1748273293201,,
1748273294266,,
1748273294490,,
1748273295016,,
1748273295242,,
1748273295912,,
1748273296144,,
1748273296586,,
1748273297039,,
1748273297264,,
1748273298257,,
1748273298481,,
1748273299002,,
1748273299227,,
1748273300159,,
1748273300834,,
1748273301845,,
1748273302070,,
1748273302649,,
1748273302874,,
1748273303354,,
1748273303988,,
1748273304533,,
1748273304887,,
1748273305944,,
1748273306169,,
1748273307061,,
1748273307607,,
1748273307831,,
1748273308056,,
1748273308281,,
1748273308731,,
1748273308958,,
1748273309777,,
1748273310001,,
1748273310229,,
1748273310454,,
1748273311511,,
1748273311732,,
1748273312183,,
1748273313036,,
1748273313261,,
1748273313487,,
1748273313943,,
1748273314772,,
1748273314997,,
1748273315223,,
1748273315447,,
1748273315914,,
1748273316137,,
1748273316362,,
1748273316589,,
1748273317307,,
1748273318596,,
1748273318821,,
1748273319047,,
1748273319594,,
1748273320112,,
1748273320620,,
1748273321070,,
1748273321294,,
1748273321520,,
1748273322054,,
1748273322277,,
1748273322503,,
1748273323261,,
1748273324131,,
1748273324356,,
1748273324807,,
1748273325033,,
1748273325263,,
1748273325481,,
1748273325706,,
1748273326051,,
1748273326156,,
1748273326381,,
1748273326932,,
1748273327593,,
1748273327816,,
1748273328042,,
1748273328266,,
1748273328491,,
1748273328717,,
1748273328942,,
1748273329531,,
1748273329754,,
1748273330208,,
1748273330430,,
1748273331122,,
1748273331348,,
1748273332226,,
1748273332450,,
1748273332673,,
1748273332900,,
1748273333123,,
1748273334370,,
1748273334596,,
1748273335262,,
1748273335487,,
1748273336450,,
1748273336674,,
1748273337261,,
1748273338648,,
1748273338873,,
1748273339098,,
1748273339593,,
1748273340035,,
1748273340495,,
1748273341268,,
1748273342054,,
1748273342278,,
1748273343018,,
1748273343470,,
1748273343692,,
1748273344263,,
1748273344487,,
1748273344938,,
1748273345162,,
1748273345386,,
1748273345611,,
1748273346289,,
1748273346513,,
1748273347202,,
1748273347877,,
1748273348102,,
1748273348819,,
1748273350056,,
1748273350279,,
1748273350800,,
1748273351024,,
1748273351522,,
1748273351747,,
1748273352089,,
1748273352197,,
1748273352648,,
1748273353099,,
1748273354036,,
1748273354261,,
1748273354615,,
1748273355078.0,5392.76,5394.26
1748273355580,,
1748273356086,,
1748273356666,,
1748273356890,,
1748273357478,,
1748273357701,,
1748273358153,,
1748273358377,,
1748273358827,,
1748273359505,,
1748273359727,,
1748273360404,,
1748273361031,,
1748273361256,,
1748273361480,,
1748273361704,,
1748273363041,,
1748273363263,,
1748273363749,,
1748273364243,,
1748273364711,,
1748273364938,,
1748273365612,,
1748273365837,,
1748273366536,,
1748273366757,,
1748273367255,,
1748273367478,,
1748273367929,,
1748273368152,,
1748273368446,,
1748273369040,,
1748273369381,,
1748273369603,,
1748273369830,,
1748273370055,,
1748273370503,,
1748273371242,,
1748273371694,,
1748273372246,,
1748273372694,,
1748273372919,,
1748273373147,,
1748273373373,,
1748273374044,,
1748273374742,,
1748273374968,,
1748273375191,,
1748273375642,,
1748273375868,,
1748273376113,,
1748273376318,,
1748273376543,,
1748273377219,,
1748273377748,,
1748273377973,,
1748273378198,,
1748273378647,,
1748273378872,,
1748273379324,,
1748273379548,,
1748273379773,,
1748273379999,,
1748273380222,,
1748273380694,,
1748273380920,,
1748273381144,,
1748273381369,,
1748273381595,,
1748273382044,,
1748273382270,,
1748273382786,,
1748273383010,,
1748273383234,,
1748273383459,,
1748273383802,,
1748273383911,,
1748273384135,,
1748273384594,,
1748273385100,,
1748273385775,,
1748273386225,,
1748273386449,,
1748273386901,,
1748273387352,,
1748273388025,,
1748273388250,,
1748273388699,,
1748273389168,,
1748273389393,,
1748273390098,,
1748273390520,,
1748273390744,,
1748273391194,,
1748273391418,,
1748273391644,,
1748273391868,,
1748273392094,,
1748273392318,,
1748273392771,,
1748273392994,,
1748273393219,,
1748273393668,,
1748273394125,,
1748273394349,,
1748273394575,,
1748273394800,,
1748273395023,,
1748273395251,,
1748273395926,,
1748273396375,,
1748273396823,,
1748273397276,,
1748273397500,,
1748273397950,,
1748273398175,,
1748273398626,,
1748273398928,,
1748273399152,,
1748273399298,,
1748273399524,,
1748273400074.0,5391.2,5392.7
1748273400200.0,5392.2,5393.7
1748273400426,,
1748273401135,,
1748273401361,,
1748273401585.0,5391.2,5392.7
1748273402420,,
1748273402652,,
1748273403102,,
1748273404052,,
1748273404276,,
1748273405801,,
1748273407165,,
1748273408278,,
1748273409637,,
1748273410452,,
1748273410987,,
1748273412361,,
1748273412992,,
1748273413604,,
1748273413817,,
1748273414297,,
1748273415188,,
1748273416243,,
1748273416465,,
1748273416916,,
1748273417847,,
1748273419318,,
1748273420242,,
1748273421353,,
1748273422444,,
1748273422895,,
1748273423995,,
1748273424854,,
1748273425078,,
1748273425304,,
1748273426964,,
1748273427447,,
1748273428245,,
1748273429111,,
1748273429966,,
1748273430193,,
1748273430417,,
1748273432146,,
1748273433145,,
1748273434152,,
1748273434800,,
1748273436272,,
1748273437026,,
1748273437251,,
1748273437748,,
1748273438992,,
1748273439747,,
1748273439967,,
1748273440420,,
1748273440645,,
1748273440869,,
1748273442822,,
1748273443048,,
1748273444088,,
1748273445211,,
1748273446300,,
1748273446523,,
1748273446974,,
1748273447198,,
1748273449322,,
1748273449806,,
1748273450331,,
1748273451108,,
1748273451331,,
1748273451557,,
1748273451935,,
1748273453498,,
1748273454870,,
1748273455322,,
1748273455997,,
1748273457946,,
1748273458170,,
1748273459391,,
1748273459614,,
1748273461027,,
1748273461540,,
1748273461764,,
1748273463212.0,5392.2,5393.7
1748273463436,,
1748273464077,,
1748273465400,,
1748273465946,,
1748273467872,,
1748273468516,,
1748273468740,,
1748273469431.0,5391.2,5392.7
1748273469654.0,5392.2,5393.7
1748273471985,,
1748273472210,,
1748273474350,,
1748273474829,,
1748273475997,,
1748273477726,,
1748273478179,,
1748273478985,,
1748273480749,,
1748273483511,,
1748273485708,,
1748273485933,,
1748273487525,,
1748273488273,,
1748273488498,,
1748273491478,,
1748273493988,,
1748273494213,,
1748273494439,,
1748273494664,,
1748273496336,,
1748273496558,,
1748273496784,,
1748273497560,,
1748273498020,,
1748273498469,,
1748273499146,,
1748273499839,,
1748273500064,,
1748273500550,,
1748273500774,,
1748273502242,,
1748273502464,,
1748273503035,,
1748273504617,,
1748273505499,,
1748273506668,,
1748273508375.0,5391.2,5392.7
1748273508600,,
1748273508822,,
1748273511066,,
1748273511531,,
1748273511754,,
1748273511980,,
1748273512204,,
1748273514482,,
1748273517458,,
1748273519175,,
1748273519398,,
1748273520242,,
1748273521872,,
1748273522320,,
1748273523283.0,5390.2,5391.7
1748273523504,,
1748273524236,,
1748273525109,,
1748273526139,,
1748273527582,,
1748273528619,,
1748273529071.0,5391.2,5392.7
1748273531299,,
1748273534328,,
1748273535846,,
1748273536188,,
1748273539190,,
1748273540132,,
1748273540349,,
1748273542220,,
1748273542947,,
1748273543512,,
1748273545201,,
1748273548216,,
1748273549110,,
1748273550431,,
1748273551119,,
1748273552242,,
1748273554031,,
1748273554595,,
1748273556072,,
1748273557533,,
1748273558505,,
1748273558731,,
1748273559878,,
1748273560741,,
1748273561760,,
1748273562246,,
1748273564722,,
1748273566720,,
1748273566943,,
1748273567625,,
1748273567847,,
1748273568076,,
1748273570247,,
1748273571051,,
1748273571277,,
1748273572825,,
1748273573530,,
1748273574308,,
1748273574641,,
1748273575859,,
1748273576084,,
1748273577054,,
1748273578600,,
1748273579057,,
1748273579940,,
1748273581363,,
1748273582207,,
1748273583314,,
1748273584077,,
1748273584959,,
1748273585182,,
1748273586281,,
1748273586506,,
1748273587247,,
1748273588001,,
1748273589042,,
1748273589493,,
1748273590228,,
1748273590920,,
1748273591674,,
1748273592565,,
1748273592881,,
1748273595244,,
1748273595471,,
1748273595696,,
1748273596410,,
1748273597704,,
1748273598219,,
1748273598698,,
1748273600045,,
1748273600742,,
1748273601482,,
1748273601706,,
1748273601932,,
1748273602159,,
1748273602692,,
1748273604245,,
1748273604831,,
1748273605335,,
1748273607130,,
1748273607355,,
1748273607804,,
1748273608030,,
1748273608727,,
1748273610361,,
1748273610584,,
1748273610809,,
1748273612295,,
1748273612520,,
1748273613026,,
1748273613251,,
1748273613959,,
1748273614748,,
1748273614971,,
1748273615923,,
1748273618251,,
1748273618882,,
1748273620019,,
1748273620242,,
1748273622022,,
1748273622606,,
1748273623283,,
1748273624502,,
1748273624728,,
1748273624951,,
1748273625176,,
1748273626005,,
1748273626803,,
1748273627765,,
1748273627990,,
1748273628214,,
1748273629326,,
1748273630731,,
1748273630952,,
1748273631404,,
1748273632917,,
1748273633142,,
1748273634172,,
1748273635028,,
1748273635251,,
1748273635965,,
1748273637452,,
1748273638004,,
1748273638453,,
1748273638677,,
1748273639718,,
1748273639940,,
1748273640391,,
1748273641102,,
1748273641552,,
1748273643228,,
1748273643451,,
1748273643677,,
1748273644127,,
1748273644686,,
1748273645256,,
1748273646553,,
1748273646779,,
1748273647248,,
1748273647764,,
1748273648241,,
1748273649255,,
1748273649538,,
1748273650246,,
1748273650471,,
1748273651498,,
1748273651720,,
1748273652218,,
1748273652667,,
1748273653143,,
1748273653593,,
1748273654907,,
1748273655625,,
1748273657595,,
1748273658251,,
1748273658478,,
1748273658704,,
1748273659703,,
1748273659927,,
1748273660477,,
1748273661584,,
1748273662625,,
1748273662847,,
1748273663071,,
1748273663298,,
1748273663524,,
1748273664134,,
1748273664684,,
1748273665135,,
1748273665936,,
1748273667666,,
1748273667893,,
1748273668115,,
1748273668339,,
1748273669491,,
1748273670324,,
1748273670772,,
1748273671700,,
1748273671925,,
1748273672826,,
1748273673050,,
1748273673544,,
1748273674018,,
1748273674243,,
1748273674467,,
1748273675329,,
1748273675779,,
1748273676228,,
1748273676951,,
1748273678028,,
1748273678251,,
1748273678705,,
1748273678929,,
1748273679703,,
1748273680200,,
1748273680426,,
1748273681407,,
1748273681633,,
1748273682424,,
1748273683252,,
1748273684199,,
1748273684423,,
1748273684908,,
1748273685390,,
1748273685902,,
1748273686122,,
1748273686571,,
1748273687288,,
1748273687514,,
1748273687737,,
1748273688198,,
1748273688422,,
1748273689177,,
1748273690058,,
1748273690285.0,5390.2,5391.7
1748273690508,,
1748273690963,,
1748273691188,,
1748273691413,,
1748273691865,,
1748273692540,,
1748273693219,,
1748273693438,,
1748273693708,,
1748273694204.0,5391.2,5392.7
1748273695070,,
1748273695293,,
1748273695866,,
1748273696091,,
1748273696316,,
1748273696540,,
1748273696764,,
1748273697216,,
1748273697439,,
1748273697665,,
1748273697888,,
1748273698116,,
1748273698339,,
1748273698564,,
1748273698790,,
1748273699242,,
1748273699464.0,5392.2,5393.7
1748273699691,,
1748273699916,,
1748273700227,,
1748273700752,,
1748273701426,,
1748273701650,,
1748273702100,,
1748273703136,,
1748273703361.0,5393.2,5394.7
1748273703638,,
1748273704368,,
1748273704898,,
1748273706267,,
1748273706491,,
1748273707713,,
1748273708544,,
1748273709659,,
1748273710302,,
1748273710524,,
1748273711376,,
1748273712983,,
1748273714461,,
1748273714911,,
1748273715136,,
1748273716222,,
1748273716754,,
1748273717205,,
1748273718124,,
1748273718632,,
1748273719083,,
1748273719532,,
1748273719756,,
1748273720737,,
1748273720962,,
1748273721580,,
1748273722257,,
1748273723155,,
1748273723621,,
1748273724127,,
1748273724351,,
1748273725335,,
1748273725560,,
1748273725788.0,5394.2,5395.7
1748273726012,,
1748273728071,,
1748273729006,,
1748273729868.0,5393.2,5394.7
1748273730093,,
1748273730316,,
1748273731227,,
1748273733277,,
1748273734230,,
1748273734895,,
1748273735346,,
1748273738693,,
1748273738917,,
1748273739703,,
1748273740380,,
1748273741317,,
1748273742785,,
1748273743795,,
1748273744564,,
1748273748645,,
1748273750935,,
1748273751163,,
1748273752790,,
1748273753702,,
1748273754155,,
1748273755072,,
1748273755936,,
1748273757550,,
1748273758312,,
1748273758536,,
1748273759740,,
1748273760255,,
1748273760481,,
1748273762359,,
1748273762584,,
1748273765557,,
1748273765779,,
1748273766509,,
1748273769731,,
1748273774839,,
1748273778427,,
1748273781446,,
1748273785286,,
1748273785511,,
1748273788735,,
1748273788961,,
1748273790297,,
1748273792341,,
1748273793628,,
1748273799361,,
1748273800815.0,5394.2,5395.7
1748273801610,,
1748273802482,,
1748273803623,,
1748273809926,,
1748273810152.0,5395.2,5396.7
1748273813996.0,5394.2,5395.7
1748273818237,,
1748273818460,,
1748273819010,,
1748273820244,,
1748273822195,,
1748273822745,,
1748273825152,,
1748273826712,,
1748273826939,,
1748273827637,,
1748273835419,,
1748273835908,,
1748273837386,,
1748273838507,,
1748273841015,,
1748273842169,,
1748273847243,,
1748273848594,,
1748273851673,,
1748273856268,,
1748273857245,,
1748273857790,,
1748273859533,,
1748273860383,,
1748273863667,,
1748273863892,,
1748273866159,,
1748273868524,,
1748273870391,,
1748273870617,,
1748273874409,,
1748273876014,,
1748273879940,,
1748273880392,,
1748273880620.0,5395.2,5396.7
1748273881692,,
1748273885874,,
1748273888172,,
1748273891163,,
1748273893675.0,5396.2,5397.7
1748273894495.0,5395.2,5396.7
1748273897363,,
1748273898567,,
1748273900583,,
1748273902248,,
1748273907996,,
1748273910696,,
1748273910918,,
1748273914150,,
1748273915385,,
1748273916260,,
1748273918805,,
1748273921793,,
1748273922966,,
1748273924876,,
1748273926545,,
1748273928380,,
1748273929726,,
1748273932229,,
1748273935365,,
1748273937142,,
1748273938668,,
1748273941197,,
1748273944582,,
1748273950849,,
1748273953712,,
1748273956068,,
1748273959520,,
1748273960497,,
1748273967159,,
1748273967817,,
1748273968602,,
1748273970983,,
1748273971449,,
1748273977368,,
1748273977590,,
1748273982535.0,5394.2,5395.7
1748273984599,,
1748273990420,,
1748273995277,,
1748273999940,,
1748274001814,,
1748274003186,,
1748274004691,,
1748274008941,,
1748274011861,,
1748274021425,,
1748274022100,,
1748274023581,,
1748274030239,,
1748274030690,,
1748274032561,,
1748274035741.0,5395.2,5396.7
1748274038618,,
1748274040994,,
1748274041961,,
1748274047386,,
1748274050140,,
1748274053657,,
1748274054828,,
1748274060044,,
1748274060267,,
1748274063614,,
1748274066708,,
1748274067486.0,5396.2,5397.7
1748274067762,,
1748274068886,,
1748274069391,,
1748274070875,,
1748274072179.0,5395.2,5396.7
1748274076155,,
1748274077198.0,5396.2,5397.7
1748274084609,,
1748274086567,,
1748274090430.0,5395.2,5396.7
1748274092391,,
1748274097589,,
1748274101759,,
1748274110246,,
1748274113560,,
1748274115223,,
1748274132776,,
1748274133499,,
1748274137867,,
1748274138090,,
1748274141164,,
1748274142991,,
1748274143510,,
1748274151499,,
1748274154516,,
1748274155277,,
1748274155975,,
1748274158912,,
1748274163053,,
1748274163782,,
1748274168051,,
1748274172940,,
1748274174109,,
1748274177424,,
1748274179146,,
1748274179941,,
1748274182613,,
1748274185142,,
1748274186081,,
1748274189566,,
1748274189789,,
1748274192762,,
1748274192987,,
1748274195265,,
1748274197137,,
1748274204138,,
1748274208727.0,5396.2,5397.7
1748274209774,,
1748274215455,,
1748274216197,,
1748274216422.0,5395.2,5396.7
1748274218176,,
1748274218401,,
1748274225489,,
1748274227226,,
1748274227661,,
1748274234491.0,5396.2,5397.7
1748274240466.0,5395.2,5396.7
1748274242040,,
1748274242939,,
1748274251196,,
1748274253646,,
1748274264900,,
1748274266769,,
1748274268148,,
1748274268974,,
1748274270461,,
1748274270684,,
1748274272489,,
1748274274874,,
1748274276992,,
1748274278089,,
1748274279656,,
1748274281850,,
1748274286777,,
1748274287653,,
1748274290612,,
1748274291903,,
1748274292127,,
1748274292353.0,5394.2,5395.7
1748274292577,,
1748274298249,,
1748274299254,,
1748274299790.0,5395.2,5396.7
1748274305070,,
1748274310852,,
1748274315164,,
1748274316552,,
1748274322456,,
1748274328249,,
1748274332870,,
1748274333906,,
1748274342393,,
1748274342620,,
1748274343457,,
1748274348699.0,5394.7,5396.2
1748274349851.0,5394.2,5395.7
1748274350076.0,5395.2,5396.7
1748274351077,,
1748274352045,,
1748274353568,,
1748274353792,,
1748274355870,,
1748274359939,,
1748274362678,,
1748274365223,,
1748274369152,,
1748274373286,,
1748274380654,,
1748274380876,,
1748274381494,,
1748274391256,,
1748274391863,,
1748274392087,,
1748274392794,,
1748274393726,,
1748274394199,,
1748274396783,,
1748274404885.0,5394.2,5395.7
1748274405107,,
1748274406787,,
1748274409413,,
1748274419941,,
1748274422044,,
1748274424158,,
1748274424384,,
1748274426018,,
1748274433706,,
1748274439155,,
1748274454300,,
1748274457377.0,5395.2,5396.7
1748274457601,,
1748274465212,,
1748274471615,,
1748274474333,,
1748274475687,,
1748274480856,,
1748274485911,,
1748274489268,,
1748274504617,,
1748274511437,,
1748274519479,,
1748274520634,,
1748274525218,,
1748274529284,,
1748274534652,,
1748274539940,,
1748274572438,,
1748274574519,,
1748274574747.0,5396.2,5397.7
1748274582365,,
1748274586055,,
1748274587250,,
1748274587474,,
1748274589354.0,5395.2,5396.7
1748274590057,,
1748274591719,,
1748274593382,,
1748274598471.0,5396.2,5397.7
1748274600448.0,5395.2,5396.7
1748274601788.0,5396.2,5397.7
1748274602011,,
1748274616776,,
1748274619999,,
1748274620225,,
1748274622042,,
1748274623032.0,5395.7,5397.2
1748274623256.0,5395.2,5396.7
1748274623715,,
1748274629041.0,5396.2,5397.7
1748274629605,,
1748274632240,,
1748274659941,,
1748274660395.0,5396.7,5398.2
1748274660618.0,5396.2,5397.7
1748274661999.0,5396.7,5398.2
1748274662456.0,5396.2,5397.7
1748274674269,,
1748274678886,,
1748274712026.0,5396.7,5398.2
1748274712721.0,5396.2,5397.7
1748274715095,,
1748274719922,,
1748274721697.0,5397.2,5398.7
1748274723529,,
1748274724699,,
1748274725879,,
1748274730185,,
1748274730409,,
1748274732997,,
1748274738110,,
1748274739334,,
1748274740433.0,5396.2,5397.7
1748274771783,,
1748274774275,,
1748274776442,,
1748274778295,,
1748274781902,,
1748274787454,,
1748274787678,,
1748274798577,,
1748274809576,,
1748274821876,,
1748274832344,,
1748274839717,,
1748274839942,,
1748274858932,,
1748274862833,,
1748274870455,,
1748274872894,,
1748274873855,,
1748274881054,,
1748274881645,,
1748274882464,,
1748274888621,,
1748274892078,,
1748274899942,,
1748274901846,,
1748274902661,,
1748274953822,,
1748274959943,,
1748274965300,,
1748274983330,,
1748274984525,,
1748274993203,,
1748275001848,,
1748275012988,,
1748275014524.0,5395.2,5396.7
1748275019942,,
1748275028228,,
1748275028450,,
1748275031456,,
1748275036680,,
1748275037680,,
1748275045046,,
1748275056690,,
1748275065685.0,5394.7,5396.2
1748275066138.0,5395.2,5396.7
1748275068182,,
1748275075728,,
1748275078399,,
1748275080229,,
1748275091988,,
1748275093390,,
1748275093613,,
1748275094100,,
1748275098354,,
1748275107249.0,5394.7,5396.2
1748275108180.0,5395.2,5396.7
1748275118490,,
1748275122983,,
1748275126582,,
1748275136843,,
1748275140082,,
1748275148370,,
1748275149759,,
1748275153442,,
1748275157399,,
1748275160857.0,5396.2,5397.7
1748275161910,,
1748275162864,,
1748275164147,,
1748275172647,,
1748275182940,,
1748275184146,,
1748275189561,,
1748275189785,,
1748275191381,,
1748275200240,,
1748275200888,,
1748275208049,,
1748275223763,,
1748275225792,,
1748275227551,,
1748275231595,,
1748275233922,,
1748275239041.0,5395.2,5396.7
1748275239894.0,5396.2,5397.7
1748275241819,,
1748275244589,,
1748275244984,,
1748275245084.0,5395.2,5396.7
1748275245880,,
1748275249341,,
1748275273923,,
1748275304617,,
1748275314813,,
1748275383486,,
1748275423897.0,5396.2,5397.7
1748275425436,,
1748275426884,,
1748275441604,,
1748275446546,,
1748275448376,,
1748275515312,,
1748275518276,,
1748275527219.0,5396.7,5398.2
1748275527445.0,5396.2,5397.7
1748275530713,,
1748275656650,,
1748275674614,,
1748275679076,,
1748275694184,,
1748275778961,,
1748275783163,,
1748275790620,,
1748275800508,,
1748275805430,,
1748275815395,,
1748275819523.0,5397.2,5398.7
1748275819746,,
1748275821429,,
1748275826658,,
1748275833451,,
1748275841664.0,5396.2,5397.7
1748275867883,,
1748275870644,,
1748275874113,,
1748275908714,,
1748275913837,,
1748275918622,,
1748275933477,,
1748275950847,,
1748275954841,,
1748275986652,,
1748275990989,,
1748276029115,,
1748276034293,,
1748276039364,,
1748276063263.0,5395.2,5396.7
1748276066561,,
1748276087757,,
1748276182976.0,5394.2,5395.7
1748276216729.0,5394.7,5396.2
1748276218744.0,5395.2,5396.7
1748276219197.0,5394.7,5396.2
1748276221186.0,5394.2,5395.7
1748276283634,,
1748276285533,,
1748276304888,,
1748276338817,,
1748276433362,,
1748276435731,,
1748276436950,,
1748276439421,,
1748276447113,,
1748276456108,,
1748276459963,,
1748276466113,,
1748276472031.0,5393.2,5394.7
1748276524351,,
1748276556186.0,5392.2,5393.7
1748276558177.0,5393.2,5394.7
1748276563582.0,5392.7,5394.2
1748276565252.0,5393.2,5394.7
1748276565475,,
1748276566805.0,5392.2,5393.7
1748276567031.0,5392.7,5394.2
1748276568681.0,5392.2,5393.7
1748276572104.0,5392.7,5394.2
1748276572775.0,5392.2,5393.7
1748276575408.0,5392.7,5394.2
1748276575631.0,5392.2,5393.7
1748276589448.0,5392.7,5394.2
1748276589670.0,5392.2,5393.7
1748276597756,,
1748276657140.0,5392.7,5394.2
1748276659293.0,5392.2,5393.7
1748276660080.0,5392.7,5394.2
1748276660305.0,5393.2,5394.7
1748276705343,,
1748276725973.0,5392.2,5393.7
1748276734160,,
1748276808735,,
1748276813072,,
1748276858516,,
1748276872804,,
1748276875158,,
1748276875379,,
1748276881907,,
1748276890589,,
1748276896477,,
1748276900055,,
1748276915154,,
1748276936760,,
1748276995252,,
1748276997038.0,5393.2,5394.7
1748276998094.0,5392.2,5393.7
1748277112166,,
1748277171260,,
1748277186435,,
1748277186905,,
1748277293175,,
1748277305723,,
1748277315393.0,5393.2,5394.7
1748277316462,,
1748277323755,,
1748277332414,,
1748277353019,,
1748277381187,,
1748277398871,,
1748277401073,,
1748277441480,,
1748277460406,,
1748277462902,,
1748277464163,,
1748277543361,,
1748277550549,,
1748277617604,,
1748277659619,,
1748277660071,,
1748277755050,,
1748277764569,,
1748277768691,,
1748277787774,,
1748277811235,,
1748277819335.0,5394.2,5395.7
1748277825522,,
1748277842326,,
1748277849118,,
1748277853283,,
1748277865650,,
1748277877761,,
1748277894963,,
1748277896452,,
1748277910975,,
1748277912188,,
1748277915757.0,5395.2,5396.7
1748277916577,,
1748277917386.0,5394.2,5395.7
1748277918416.0,5394.7,5396.2
1748277919777.0,5394.2,5395.7
1748277920017.0,5394.7,5396.2
1748277920623.0,5395.2,5396.7
1748277938547.0,5394.2,5395.7
1748277953475,,
1748277961447.0,5395.2,5396.7
1748277977599,,
1748277987821.0,5394.2,5395.7
1748277990875.0,5395.2,5396.7
1748277999235.0,5394.2,5395.7
1748278039930,,
1748278044831,,
1748278072419,,
1748278100321,,
1748278118397,,
1748278169109,,
1748278211805,,
1748278212852,,
1748278228405,,
1748278231134,,
1748278232737,,
1748278247343,,
1748278258418,,
1748278310263,,
1748278462791,,
1748278468995,,
1748278499296,,
1748278532038.0,5395.2,5396.7
1748278533150,,
1748278549839,,
1748278596110,,
1748278622739.0,5396.2,5397.7
1748278624471.0,5395.2,5396.7
1748278673654.0,5394.2,5395.7
1748278680924,,
1748278687422,,
1748278688495,,
1748278689882,,
1748278705842.0,5393.7,5395.2
1748278707044.0,5394.2,5395.7
1748278741625.0,5393.2,5394.7
1748278755978.0,5394.2,5395.7
1748278764451,,
1748278794410.0,5395.2,5396.7
1748278795257,,
1748278799330.0,5394.7,5396.2
1748278801300.0,5394.2,5395.7
1748278801522,,
1748278803758,,
1748278829847,,
1748278852387,,
1748278864769.0,5394.7,5396.2
1748278865120.0,5394.2,5395.7
1748278865346.0,5394.7,5396.2
1748278871472,,
1748278872620.0,5395.2,5396.7
1748278877098,,
1748278880707,,
1748278887044,,
1748278887269,,
1748278892437.0,5394.7,5396.2
1748278918097.0,5394.2,5395.7
1748278920154.0,5394.7,5396.2
1748278930431.0,5394.2,5395.7
1748278936798.0,5395.2,5396.7
1748278985017,,
1748278985242,,
1748279007406.0,5394.7,5396.2
1748279011593.0,5394.2,5395.7
1748279011816.0,5395.2,5396.7
1748279045345.0,5394.7,5396.2
1748279045570,,
1748279053545.0,5395.2,5396.7
1748279083252.0,5394.7,5396.2
1748279103474,,
1748279103786.0,5394.2,5395.7
1748279157328,,
1748279398667,,
1748279404739,,
1748279482662,,
1748279513808,,
1748279540563,,
1748279552206,,
1748279600262.0,5395.2,5396.7
1748279601500,,
1748279608339,,
1748279622878,,
1748279635827,,
1748279647194.0,5394.2,5395.7
1748279686254,,
1748279769419,,
1748279825952,,
1748279841017,,
1748279856601,,
1748279886161,,
1748279922118,,
1748279925150,,
1748279950090,,
1748279954028,,
1748279970567,,
1748280002731.0,5393.2,5394.7
1748280008958.0,5394.2,5395.7
1748280012614,,
1748280012836,,
1748280050057,,
1748280069249,,
1748280155146,,
1748280277085.0,5394.7,5396.2
1748280277583,,
1748280278164,,
1748280300422,,
1748280305126,,
1748280386368,,
1748280420251.0,5394.2,5395.7
1748280423028.0,5394.7,5396.2
1748280495442.0,5395.2,5396.7
1748280501258,,
1748280506578,,
1748280511268,,
1748280537494.0,5395.7,5397.2
1748280537807.0,5395.2,5396.7
1748280539270,,
1748280540151,,
1748280540377,,
1748280546899,,
1748280588814,,
1748280595252,,
1748280689257,,
1748280690340,,
1748280713577,,
1748280728545,,
1748280802444,,
1748280822649,,
1748280832939,,
1748280884326,,
1748280902035,,
1748280931719,,
1748280953326,,
1748281040789,,
1748281060411,,
1748281149858,,
1748281150636,,
1748281228775.0,5394.2,5395.7
1748281235289.0,5395.2,5396.7
1748281236490,,
1748281237576.0,5394.7,5396.2
1748281238185.0,5395.2,5396.7
1748281258929,,
1748281298550,,
1748281367998,,
1748281417722,,
1748281426732.0,5395.7,5397.2
1748281482225.0,5395.2,5396.7
1748281487543.0,5395.7,5397.2
1748281491159.0,5396.2,5397.7
1748281584868,,
1748281590640,,
1748281617381,,
1748281753019,,
1748281761567,,
1748281762154.0,5395.7,5397.2
1748281762377.0,5395.2,5396.7
1748281762975,,
1748281807403,,
1748281993663,,
1748282086557,,
1748282115622.0,5395.7,5397.2
1748282283077,,
1748282285086,,
1748282385280.0,5395.2,5396.7
1748282400357,,
1748282520581,,
1748282574781,,
1748282617620.0,5394.2,5395.7
1748282617843,,
1748282618066,,
1748282666017.0,5393.7,5395.2
1748282698326.0,5394.2,5395.7
1748282698545.0,5393.7,5395.2
1748282804258,,
1748282811206.0,5394.2,5395.7
1748282904399,,
1748282998634,,
1748283041326.0,5393.7,5395.2
1748283051904.0,5394.2,5395.7
1748283052128,,
1748283113048,,
1748283113267,,
1748283163016.0,5394.7,5396.2
1748283171123.0,5394.2,5395.7
1748283171966.0,5394.7,5396.2
1748283197593.0,5394.2,5395.7
1748283197817.0,5394.7,5396.2
1748283248799,,
1748283274403,,
1748283280568,,
1748283376362,,
1748283427858.0,5394.2,5395.7
1748283428077,,
1748283503071,,
1748283541238,,
1748283541935,,
1748283543221,,
1748283661373,,
1748283740523,,
1748283819674,,
1748283898823,,
1748283977974,,
1748283982377.0,5394.7,5396.2
1748283992483,,
1748284003987.0,5394.2,5395.7
1748284004209,,
1748284022572,,
1748284136275,,
1748284143620,,
1748284215424,,
1748284294572,,
1748284343672,,
1748284373723,,
1748284375117,,
1748284452874,,
1748284485633,,
1748284532022,,
1748284611174,,
1748284690324,,
1748284719634,,
1748284769474,,
1748284769697,,
1748284832485,,
1748284862186,,
1748284927773,,
1748285006922,,
1748285023854,,
1748285024075,,
1748285057552,,
1748285086073,,
1748285165004,,
1748285165223,,
1748285178515,,
1748285178739,,
1748285293593,,
1748285314059,,
1748285323523,,
1748285329195,,
1748285333696,,
1748285391854,,
1748285402672,,
1748285481823,,
1748285560975,,
1748285572394,,
1748285641407,,
1748285714880,,
1748285719272,,
1748285720053,,
1748285784946,,
1748285877355,,
1748285877572,,
1748285925965,,
1748285956723,,
1748286035872,,
1748286115024,,
1748286139885,,
1748286194175,,
1748286261052.0,5395.2,5396.7
1748286262950,,
1748286269251,,
1748286284137,,
1748286302428,,
1748286342864,,
1748286364108,,
1748286388026,,
1748286426894,,
1748286431827,,
1748286458401,,
1748286462227,,
1748286462451,,
1748286479215,,
1748286567085,,
1748286567535,,
1748286569780,,
1748286582776,,
1748286589313,,
1748286716187,,
1748286718402,,
1748286747996,,
1748286777938,,
1748286778685,,
1748286781995,,
1748286814521,,
1748286825130,,
1748286864784.0,5395.7,5397.2
1748286866392,,
1748286880624.0,5395.2,5396.7
1748286883079,,
1748286890315.0,5395.7,5397.2
1748286890537.0,5395.2,5396.7
1748286891038.0,5395.7,5397.2
1748286895942.0,5395.2,5396.7
1748286896394.0,5395.7,5397.2
1748286905122.0,5395.2,5396.7
1748286907355,,
1748286907580,,
1748286911795,,
1748286958328,,
1748286975161.0,5396.2,5397.7
1748287010768,,
1748287032050.0,5397.2,5398.7
1748287032271.0,5396.2,5397.7
1748287052575,,
1748287085445.0,5395.2,5396.7
1748287095497,,
1748287144812,,
1748287145031.0,5395.7,5397.2
1748287158829.0,5396.2,5397.7
1748287159053.0,5395.7,5397.2
1748287169900,,
1748287176552.0,5396.2,5397.7
1748287178725.0,5395.7,5397.2
1748287181049,,
1748287191825.0,5396.2,5397.7
1748287192050.0,5395.7,5397.2
1748287271435,,
1748287294527.0,5395.2,5396.7
1748287294749.0,5395.7,5397.2
1748287323886,,
1748287340894,,
1748287362850,,
1748287381343,,
1748287381854,,
1748287389947.0,5395.2,5396.7
1748287390167.0,5395.7,5397.2
1748287390392.0,5395.2,5396.7
1748287410579,,
1748287431943,,
1748287453597,,
1748287470909.0,5394.7,5396.2
1748287594236.0,5394.2,5395.7
1748287594453.0,5394.7,5396.2
1748287595086.0,5394.2,5395.7
1748287595998.0,5394.7,5396.2
1748287627625.0,5394.2,5395.7
1748287635461,,
1748287659987,,
1748287675879,,
1748287704176,,
1748287709042,,
1748287717861,,
1748287720152,,
1748287726786.0,5394.7,5396.2
1748287727009.0,5394.2,5395.7
1748287734632.0,5394.7,5396.2
1748287734857.0,5394.2,5395.7
1748287748322.0,5394.7,5396.2
1748287759977.0,5394.2,5395.7
1748287784160.0,5394.7,5396.2
1748287784379.0,5394.2,5395.7
1748287785819.0,5394.7,5396.2
1748287789018,,
1748287800279,,
1748287806908.0,5394.2,5395.7
1748287807131,,
1748287818252,,
1748287877524,,
1748287877744,,
1748287905258,,
1748287926950.0,5395.2,5396.7
1748287927792,,
1748287929327.0,5394.7,5396.2
1748287948058,,
1748288006398,,
1748288021320,,
1748288149566,,
1748288162400.0,5395.2,5396.7
1748288162623,,
1748288164716.0,5394.2,5395.7
1748288222541,,
1748288260397,,
1748288303964,,
1748288304189,,
1748288322598,,
1748288354967,,
1748288371026,,
1748288371249,,
1748288388572,,
1748288407300,,
1748288414361,,
1748288420707,,
1748288469380,,
1748288481115,,
1748288510308,,
1748288510527,,
1748288518432,,
1748288567488,,
1748288607403.0,5394.7,5396.2
1748288639464,,
1748288692119.0,5395.2,5396.7
1748288692341.0,5394.7,5396.2
1748288693468.0,5395.2,5396.7
1748288693692,,
1748288694635.0,5394.7,5396.2
1748288699248,,
1748288699473,,
1748288700628,,
1748288718722,,
1748288748953,,
1748288757944.0,5394.2,5395.7
1748288764311,,
1748288864395,,
1748288868400,,
1748288886338,,
1748288916369,,
1748288934360,,
1748288935393,,
1748288943363,,
1748288944972,,
1748288948153,,
1748288949402,,
1748288953360,,
1748288963360,,
1748288966798,,
1748288973362,,
1748288981462,,
1748288983364,,
1748288984446,,
1748288987490,,
1748289018139.0,5393.2,5394.7
1748289018958.0,5394.2,5395.7
1748289020741,,
1748289046290,,
1748289091766,,
1748289131608,,
1748289180661,,
1748289187005,,
1748289225023,,
1748289229715,,
1748289278770,,
1748289279153.0,5394.7,5396.2
1748289279378.0,5395.2,5396.7
1748289284235,,
1748289289926,,
1748289300020,,
1748289305345.0,5394.7,5396.2
1748289313409.0,5394.2,5395.7
1748289313634,,
1748289351551,,
1748289355789,,
1748289361640,,
1748289363539,,
1748289367859,,
1748289372369,,
1748289376877,,
1748289414304,,
1748289420543,,
1748289422271,,
1748289422494,,
1748289425302,,
1748289425932,,
1748289447803,,
1748289457950,,
1748289466832,,
1748289474912.0,5395.2,5396.7
1748289475603.0,5395.7,5397.2
1748289476166.0,5395.7,5397.2
1748289476615.0,5395.2,5396.7
1748289477765.0,5395.7,5397.2
1748289481595,,
1748289482490,,
1748289483987,,
1748289484211,,
1748289485254.0,5395.2,5396.7
1748289487991,,
1748289495260,,
1748289497304,,
1748289503297,,
1748289507312,,
1748289510139,,
1748289513888.0,5395.7,5397.2
1748289514114,,
1748289514940.0,5396.2,5397.7
1748289515518.0,5395.7,5397.2
1748289517398,,
1748289518785,,
1748289519919,,
1748289521608,,
1748289522940,,
1748289523164,,
1748289525868,,
1748289530084,,
1748289533306.0,5396.2,5397.7
1748289536324.0,5395.7,5397.2
1748289540308,,
1748289540758.0,5395.2,5396.7
1748289541312.0,5395.7,5397.2
1748289542463,,
1748289542686,,
1748289543305,,
1748289545298.0,5395.2,5396.7
1748289546983.0,5395.7,5397.2
1748289551741,,
1748289553306.0,5396.2,5397.7
1748289554052.0,5395.7,5397.2
1748289554277,,
1748289559038,,
1748289559265,,
1748289560005,,
1748289563086.0,5396.2,5397.7
1748289564208,,
1748289567306,,
1748289568092,,
1748289569664,,
1748289570113,,
1748289570340,,
1748289576770,,
1748289577533,,
1748289580085,,
1748289580959,,
1748289581441.0,5395.2,5396.7
1748289581667,,
1748289583962,,
1748289585021,,
1748289585629,,
1748289586984,,
1748289588993,,
1748289589741,,
1748289593309.0,5395.7,5397.2
1748289594144,,
1748289595153,,
1748289595380.0,5395.2,5396.7
1748289597266,,
1748289599041,,
1748289599414,,
1748289600243,,
1748293210248.0,5394.65,5397.65
1748293423311.0,5395.0,5398.0
1748293801313.0,5395.3,5398.3
