1748267998308.0,2507.18,2507.68
1748267998533.0,2507.05,2507.55
1748267999173,,
1748267999301.0,2506.93,2507.43
1748267999525,,
1748267999751.0,2506.68,2507.18
1748268000021.0,2506.83,2507.33
1748268000427.0,2506.7,2507.2
1748268002236.0,2507.08,2507.58
1748268002459,,
1748268002687.0,2507.2,2507.7
1748268002911.0,2507.08,2507.58
1748268003174,,
1748268003792,,
1748268003891.0,2507.2,2507.7
1748268004074,,
1748268004261.0,2507.83,2508.33
1748268004485.0,2507.7,2508.2
1748268005293,,
1748268006084.0,2507.83,2508.33
1748268006306.0,2507.7,2508.2
1748268008948.0,2507.58,2508.08
1748268012551.0,2507.45,2507.95
1748268012795.0,2507.33,2507.83
1748268013068.0,2507.2,2507.7
1748268015373.0,2507.08,2507.58
1748268020494.0,2506.95,2507.45
1748268022938.0,2506.83,2507.33
1748268023212,,
1748268024392.0,2506.7,2507.2
1748268028707.0,2506.83,2507.33
1748268028931,,
1748268029156.0,2507.08,2507.58
1748268031074.0,2507.2,2507.7
1748268031336.0,2507.08,2507.58
1748268033055.0,2507.2,2507.7
1748268034174,,
1748268034658.0,2507.33,2507.83
1748268036165,,
1748268036473.0,2507.08,2507.58
1748268036698.0,2506.95,2507.45
1748268037807.0,2506.83,2507.33
1748268039309.0,2506.7,2507.2
1748268040152.0,2506.58,2507.08
1748268050289.0,2506.33,2506.83
1748268051011.0,2506.2,2506.7
1748268052173,,
1748268055460.0,2506.08,2506.58
1748268058180,,
1748268058469.0,2505.95,2506.45
1748268060049.0,2506.08,2506.58
1748268060273.0,2505.95,2506.45
1748268062174,,
1748268062300.0,2505.83,2506.33
1748268063996,,
1748268064093.0,2506.08,2506.58
1748268077537.0,2506.33,2506.83
1748268077763,,
1748268077988.0,2506.45,2506.95
1748268078573.0,2506.33,2506.83
1748268079724.0,2506.45,2506.95
1748268079969.0,2506.58,2507.08
1748268086175,,
1748268086429,,
1748268086527.0,2506.2,2506.7
1748268086761.0,2506.08,2506.58
1748268088173,,
1748268091131.0,2505.95,2506.45
1748268091353.0,2505.83,2506.33
1748268096928,,
1748268101299.0,2506.08,2506.58
1748268105406.0,2505.83,2506.33
1748268108151.0,2505.58,2506.08
1748268109002.0,2505.83,2506.33
1748268109775.0,2506.08,2506.58
1748268110175,,
1748268110400.0,2505.83,2506.33
1748268110623.0,2505.95,2506.45
1748268113509.0,2506.08,2506.58
1748268115226.0,2505.95,2506.45
1748268116944.0,2506.08,2506.58
1748268119902.0,2506.2,2506.7
1748268120835.0,2506.33,2506.83
1748268121875.0,2506.08,2506.58
1748268141413.0,2505.95,2506.45
1748268142576.0,2505.83,2506.33
1748268147420.0,2505.95,2506.45
1748268148941.0,2506.08,2506.58
1748268152669.0,2506.2,2506.7
1748268153298.0,2506.33,2506.83
1748268153522.0,2506.2,2506.7
1748268154110,,
1748268157200.0,2506.33,2506.83
1748268157801.0,2506.2,2506.7
1748268158678,,
1748268161970.0,2506.08,2506.58
1748268162251,,
1748268169174,,
1748268174155.0,2505.95,2506.45
1748268181117.0,2506.08,2506.58
1748268190970.0,2505.95,2506.45
1748268192053.0,2506.08,2506.58
1748268195464,,
1748268195685.0,2506.33,2506.83
1748268198192,,
1748268200335.0,2506.2,2506.7
1748268202154.0,2506.08,2506.58
1748268207457,,
1748268207779.0,2505.95,2506.45
1748268209256.0,2506.08,2506.58
1748268211703.0,2506.2,2506.7
1748268213442.0,2506.08,2506.58
1748268217408.0,2505.83,2506.33
1748268217633.0,2505.7,2506.2
1748268218273.0,2505.58,2506.08
1748268219520.0,2505.45,2505.95
1748268219770.0,2505.33,2505.83
1748268221624.0,2505.08,2505.58
1748268222730,,
1748268222956.0,2504.95,2505.45
1748268223716.0,2504.83,2505.33
1748268223939.0,2505.08,2505.58
1748268224777.0,2504.95,2505.45
1748268226658.0,2505.08,2505.58
1748268229886.0,2505.33,2505.83
1748268231275.0,2505.2,2505.7
1748268235501.0,2505.08,2505.58
1748268237424,,
1748268241174,,
1748268243146,,
1748268246547.0,2504.95,2505.45
1748268246826.0,2505.08,2505.58
1748268248174,,
1748268248604.0,2504.95,2505.45
1748268248880.0,2505.08,2505.58
1748268250008.0,2504.95,2505.45
1748268250234.0,2505.08,2505.58
1748268251645.0,2504.95,2505.45
1748268253175,,
1748268254143.0,2505.08,2505.58
1748268261175,,
1748268262057.0,2504.95,2505.45
1748268262633.0,2505.08,2505.58
1748268270095.0,2505.33,2505.83
1748268271078,,
1748268275126,,
1748268275367.0,2505.2,2505.7
1748268275954.0,2505.08,2505.58
1748268277172,,
1748268278233.0,2505.2,2505.7
1748268280018.0,2505.33,2505.83
1748268282362.0,2505.45,2505.95
1748268282586.0,2505.58,2506.08
1748268282809,,
1748268284891.0,2505.45,2505.95
1748268287483.0,2505.33,2505.83
1748268301138.0,2505.2,2505.7
1748268301361.0,2505.33,2505.83
1748268306664.0,2505.45,2505.95
1748268307138.0,2505.58,2506.08
1748268311966,,
1748268313637,,
1748268313735.0,2505.33,2505.83
1748268320545,,
1748268323470.0,2505.2,2505.7
1748268326723.0,2505.33,2505.83
1748268327903.0,2505.2,2505.7
1748268328247.0,2505.33,2505.83
1748268331126.0,2505.45,2505.95
1748268331771.0,2505.33,2505.83
1748268340076,,
1748268341175,,
1748268344447.0,2505.58,2506.08
1748268344970,,
1748268345070.0,2505.45,2505.95
1748268348296.0,2505.33,2505.83
1748268350684,,
1748268352460.0,2505.58,2506.08
1748268354520.0,2505.45,2505.95
1748268355430.0,2505.58,2506.08
1748268360458.0,2505.33,2505.83
1748268361523.0,2505.45,2505.95
1748268363153.0,2505.58,2506.08
1748268374312,,
1748268374410.0,2505.45,2505.95
1748268374556,,
1748268374844.0,2505.33,2505.83
1748268375303.0,2505.58,2506.08
1748268377895.0,2505.45,2505.95
1748268380977.0,2505.58,2506.08
1748268381200.0,2505.33,2505.83
1748268381425.0,2505.45,2505.95
1748268382011.0,2505.58,2506.08
1748268382785.0,2505.45,2505.95
1748268383300.0,2505.33,2505.83
1748268386874,,
1748268387757.0,2505.2,2505.7
1748268389029.0,2505.08,2505.58
1748268390052.0,2504.83,2505.33
1748268395913.0,2504.58,2505.08
1748268400480,,
1748268400684.0,2504.95,2505.45
1748268401231.0,2505.08,2505.58
1748268401692.0,2505.2,2505.7
1748268401914.0,2505.33,2505.83
1748268403221.0,2505.2,2505.7
1748268403725.0,2505.33,2505.83
1748268410670.0,2505.08,2505.58
1748268410878.0,2504.83,2505.33
1748268411547.0,2504.95,2505.45
1748268414061.0,2504.83,2505.33
1748268414283.0,2505.08,2505.58
1748268416039.0,2504.95,2505.45
1748268419990.0,2504.83,2505.33
1748268420908,,
1748268426881.0,2505.08,2505.58
1748268428075.0,2504.83,2505.33
1748268431667,,
1748268431768.0,2504.95,2505.45
1748268432513.0,2504.83,2505.33
1748268434181,,
1748268434620,,
1748268439026.0,2504.95,2505.45
1748268443174,,
1748268444292.0,2504.83,2505.33
1748268444513.0,2504.95,2505.45
1748268446350.0,2505.08,2505.58
1748268448842,,
1748268458173,,
1748268458273.0,2505.33,2505.83
1748268458897,,
1748268459119,,
1748268459220.0,2505.08,2505.58
1748268459410.0,2505.2,2505.7
1748268459638.0,2505.33,2505.83
1748268463836.0,2505.58,2506.08
1748268464174,,
1748268464647.0,2505.7,2506.2
1748268465896.0,2505.83,2506.33
1748268466143.0,2505.7,2506.2
1748268466407.0,2505.83,2506.33
1748268466632,,
1748268466856.0,2505.7,2506.2
1748268467708.0,2505.58,2506.08
1748268468506.0,2505.83,2506.33
1748268473559.0,2506.08,2506.58
1748268473783.0,2505.95,2506.45
1748268474008.0,2506.08,2506.58
1748268474239.0,2505.95,2506.45
1748268475533.0,2506.08,2506.58
1748268476378.0,2505.95,2506.45
1748268476792.0,2505.83,2506.33
1748268477016.0,2505.95,2506.45
1748268478925.0,2506.08,2506.58
1748268483183,,
1748268484379.0,2506.2,2506.7
1748268484654.0,2506.08,2506.58
1748268485742.0,2506.2,2506.7
1748268488057.0,2506.33,2506.83
1748268492823.0,2506.58,2507.08
1748268493046.0,2506.33,2506.83
1748268493764,,
1748268496389,,
1748268497174,,
1748268500092.0,2506.58,2507.08
1748268503089.0,2506.7,2507.2
1748268503314.0,2506.58,2507.08
1748268503541,,
1748268504957.0,2506.33,2506.83
1748268505180.0,2506.58,2507.08
1748268506654,,
1748268511173,,
1748268516558,,
1748268519602,,
1748268521058.0,2506.83,2507.33
1748268521731.0,2506.7,2507.2
1748268523959.0,2506.58,2507.08
1748268527856,,
1748268528080.0,2506.45,2506.95
1748268530241.0,2506.58,2507.08
1748268543176,,
1748268552293,,
1748268555803.0,2506.7,2507.2
1748268556250,,
1748268556677.0,2507.33,2507.83
1748268559147,,
1748268559667,,
1748268560174,,
1748268562452,,
1748268562677.0,2507.45,2507.95
1748268562901.0,2507.33,2507.83
1748268563914,,
1748268564186.0,2507.2,2507.7
1748268564411.0,2507.08,2507.58
1748268565157,,
1748268565436,,
1748268567083,,
1748268589174,,
1748268590193,,
1748268590597.0,2507.2,2507.7
1748268593061.0,2507.08,2507.58
1748268594063,,
1748268600018.0,2507.23,2507.73
1748268600117.0,2506.98,2507.48
1748268606779.0,2507.1,2507.6
1748268607565,,
1748268608717.0,2507.23,2507.73
1748268611175,,
1748268613720,,
1748268615130.0,2507.48,2507.98
1748268615352.0,2507.23,2507.73
1748268630636.0,2507.35,2507.85
1748268642924.0,2507.48,2507.98
1748268643173,,
1748268643655,,
1748268649086,,
1748268649312.0,2507.6,2508.1
1748268659759.0,2507.73,2508.23
1748268661180,,
1748268662175,,
1748268690652.0,2507.98,2508.48
1748268693397.0,2507.85,2508.35
1748268694090.0,2507.73,2508.23
1748268694830.0,2507.85,2508.35
1748268696616.0,2507.73,2508.23
1748268701984.0,2507.48,2507.98
1748268702274.0,2507.6,2508.1
1748268702937,,
1748268703501.0,2507.73,2508.23
1748268707793.0,2507.6,2508.1
1748268708018.0,2507.48,2507.98
1748268711176,,
1748268720456.0,2507.23,2507.73
1748268722759.0,2507.35,2507.85
1748268722981.0,2507.48,2507.98
1748268731764,,
1748268731990.0,2507.73,2508.23
1748268732788.0,2507.6,2508.1
1748268733011.0,2507.73,2508.23
1748268733618.0,2507.48,2507.98
1748268734211,,
1748268748132.0,2507.6,2508.1
1748268748357.0,2507.73,2508.23
1748268751178,,
1748268753262.0,2507.98,2508.48
1748268763191,,
1748268764377,,
1748268767374.0,2507.85,2508.35
1748268769710.0,2507.98,2508.48
1748268773826,,
1748268774055.0,2507.73,2508.23
1748268774279,,
1748268774504.0,2507.6,2508.1
1748268775207.0,2507.73,2508.23
1748268775950,,
1748268778174,,
1748268780175,,
1748268783971.0,2507.98,2508.48
1748268790179,,
1748268792092.0,2508.23,2508.73
1748268792316.0,2508.48,2508.98
1748268793191.0,2508.23,2508.73
1748268793692.0,2508.35,2508.85
1748268798816,,
1748268806061.0,2508.23,2508.73
1748268811174,,
1748268825636,,
1748268825735.0,2508.48,2508.98
1748268830310,,
1748268830536.0,2508.23,2508.73
1748268839359.0,2508.35,2508.85
1748268839477.0,2508.48,2508.98
1748268853013.0,2508.6,2509.1
1748268855033.0,2508.73,2509.23
1748268855720,,
1748268856177,,
1748268865174,,
1748268877015,,
1748268877231.0,2508.85,2509.35
1748268877453.0,2508.98,2509.48
1748268880123,,
1748268882655,,
1748268885437,,
1748268899507.0,2508.73,2509.23
1748268902175,,
1748268902367.0,2508.85,2509.35
1748268902592.0,2508.98,2509.48
1748268912308.0,2508.48,2508.98
1748268915173,,
1748268920685.0,2508.23,2508.73
1748268925953,,
1748268930508,,
1748268938652.0,2508.6,2509.1
1748268942118.0,2508.48,2508.98
1748268942566.0,2508.48,2508.98
1748268943763.0,2508.6,2509.1
1748268945671,,
1748268955134.0,2508.73,2509.23
1748268955356,,
1748268956735.0,2508.6,2509.1
1748268957671.0,2508.48,2508.98
1748268964748.0,2508.6,2509.1
1748268966479.0,2508.48,2508.98
1748268966702.0,2508.6,2509.1
1748268968395.0,2508.48,2508.98
1748268968632.0,2508.73,2509.23
1748268969428.0,2508.6,2509.1
1748268970483.0,2508.73,2509.23
1748268979177,,
1748268980289.0,2508.6,2509.1
1748268980539.0,2508.48,2508.98
1748268986428.0,2508.6,2509.1
1748268989959.0,2508.73,2509.23
1748268995275.0,2508.48,2508.98
1748268995807.0,2508.35,2508.85
1748269000731.0,2508.48,2508.98
1748269005086.0,2508.35,2508.85
1748269007565.0,2508.23,2508.73
1748269007788.0,2508.35,2508.85
1748269022556.0,2508.23,2508.73
1748269023853,,
1748269024094.0,2507.98,2508.48
1748269025741.0,2507.73,2508.23
1748269031390.0,2507.6,2508.1
1748269033902.0,2507.85,2508.35
1748269036071.0,2507.98,2508.48
1748269038174,,
1748269041096,,
1748269041194.0,2508.23,2508.73
1748269050174,,
1748269054560.0,2507.98,2508.48
1748269054783.0,2508.1,2508.6
1748269055184.0,2507.98,2508.48
1748269062219.0,2507.85,2508.35
1748269070574.0,2507.73,2508.23
1748269078175,,
1748269079104.0,2507.85,2508.35
1748269085106.0,2507.98,2508.48
1748269086144,,
1748269086369,,
1748269094175,,
1748269094430.0,2508.1,2508.6
1748269094884.0,2508.23,2508.73
1748269095580.0,2508.1,2508.6
1748269100704.0,2508.23,2508.73
1748269122173,,
1748269122274.0,2507.98,2508.48
1748269126469.0,2507.85,2508.35
1748269128174.0,2507.73,2508.23
1748269128398.0,2507.85,2508.35
1748269129734.0,2507.98,2508.48
1748269133873,,
1748269136571,,
1748269141289,,
1748269142153.0,2508.1,2508.6
1748269142966,,
1748269143066.0,2508.23,2508.73
1748269143915,,
1748269144061.0,2508.48,2508.98
1748269153174,,
1748269153586.0,2508.6,2509.1
1748269154317.0,2508.48,2508.98
1748269158037.0,2508.6,2509.1
1748269158539.0,2508.48,2508.98
1748269161925.0,2508.6,2509.1
1748269162674.0,2508.48,2508.98
1748269162931.0,2508.6,2509.1
1748269163198.0,2508.48,2508.98
1748269167194.0,2508.6,2509.1
1748269167715.0,2508.48,2508.98
1748269175777.0,2508.73,2509.23
1748269177407.0,2508.48,2508.98
1748269197845.0,2508.35,2508.85
1748269199654.0,2508.23,2508.73
1748269199879,,
1748269200009.0,2508.17,2508.67
1748269200108.0,2508.29,2508.79
1748269207332.0,2508.17,2508.67
1748269210973.0,2508.29,2508.79
1748269212130.0,2508.17,2508.67
1748269226174,,
1748269227173,,
1748269227989.0,2508.42,2508.92
1748269228463,,
1748269229570,,
1748269229813.0,2508.17,2508.67
1748269230263.0,2508.42,2508.92
1748269230486.0,2508.29,2508.79
1748269232762.0,2508.17,2508.67
1748269236175,,
1748269238987.0,2508.42,2508.92
1748269242954.0,2508.17,2508.67
1748269245677,,
1748269250731.0,2508.04,2508.54
1748269250939.0,2507.92,2508.42
1748269255746.0,2507.79,2508.29
1748269263526,,
1748269265061.0,2507.67,2508.17
1748269267938.0,2507.54,2508.04
1748269268543.0,2507.67,2508.17
1748269269174,,
1748269269441.0,2507.54,2508.04
1748269269665.0,2507.17,2507.67
1748269271484.0,2506.92,2507.42
1748269275717,,
1748269278321.0,2507.04,2507.54
1748269287205.0,2506.92,2507.42
1748269287655.0,2507.04,2507.54
1748269297180.0,2506.92,2507.42
1748269297661,,
1748269298036.0,2506.92,2507.42
1748269299440.0,2507.04,2507.54
1748269300317,,
1748269302144.0,2506.92,2507.42
1748269302535,,
1748269303174,,
1748269307178,,
1748269310261,,
1748269313715.0,2506.79,2507.29
1748269313936.0,2506.67,2507.17
1748269322232.0,2506.54,2507.04
1748269322457.0,2506.67,2507.17
1748269324228,,
1748269327961.0,2506.54,2507.04
1748269328353.0,2506.42,2506.92
1748269328580.0,2506.67,2507.17
1748269329578.0,2506.92,2507.42
1748269330765,,
1748269335766.0,2506.79,2507.29
1748269335990.0,2506.67,2507.17
1748269338414,,
1748269338513.0,2506.79,2507.29
1748269346064.0,2506.92,2507.42
1748269350173,,
1748269355175,,
1748269355275.0,2506.67,2507.17
1748269357588.0,2506.54,2507.04
1748269359773.0,2506.42,2506.92
1748269359997.0,2506.67,2507.17
1748269361212,,
1748269362177,,
1748269372957,,
1748269373274.0,2506.79,2507.29
1748269376730.0,2506.67,2507.17
1748269381102.0,2506.92,2507.42
1748269384894.0,2506.67,2507.17
1748269386577.0,2506.79,2507.29
1748269387168.0,2506.92,2507.42
1748269388501.0,2506.92,2507.42
1748269389517.0,2506.79,2507.29
1748269389802.0,2506.92,2507.42
1748269392445.0,2506.79,2507.29
1748269394956.0,2506.92,2507.42
1748269395536.0,2506.79,2507.29
1748269395759.0,2506.92,2507.42
1748269414176,,
1748269414676,,
1748269414898,,
1748269421175,,
1748269426174,,
1748269431173,,
1748269435174,,
1748269436276.0,2506.67,2507.17
1748269436749.0,2506.79,2507.29
1748269437135.0,2506.67,2507.17
1748269442360,,
1748269454104,,
1748269454928,,
1748269455293.0,2506.42,2506.92
1748269456074.0,2506.67,2507.17
1748269457171,,
1748269459110.0,2506.54,2507.04
1748269469928.0,2506.67,2507.17
1748269471179.0,2506.79,2507.29
1748269473454.0,2506.67,2507.17
1748269473676.0,2506.79,2507.29
1748269478696.0,2506.67,2507.17
1748269483518,,
1748269483737.0,2506.42,2506.92
1748269484123,,
1748269484300.0,2506.54,2507.04
1748269485751.0,2506.42,2506.92
1748269492069.0,2506.67,2507.17
1748269496597.0,2506.79,2507.29
1748269499719.0,2506.92,2507.42
1748269508695.0,2507.17,2507.67
1748269515174,,
1748269515800.0,2507.04,2507.54
1748269516772,,
1748269517273.0,2506.92,2507.42
1748269519760.0,2507.17,2507.67
1748269522549.0,2507.04,2507.54
1748269523129.0,2506.92,2507.42
1748269529054,,
1748269529935,,
1748269530112.0,2506.67,2507.17
1748269536860.0,2506.79,2507.29
1748269542098.0,2506.92,2507.42
1748269543248.0,2507.04,2507.54
1748269546327.0,2507.17,2507.67
1748269548289.0,2507.42,2507.92
1748269551082.0,2507.54,2508.04
1748269556475.0,2507.67,2508.17
1748269558603.0,2507.54,2508.04
1748269567376.0,2507.67,2508.17
1748269567823.0,2507.79,2508.29
1748269568554.0,2507.92,2508.42
1748269568937.0,2507.79,2508.29
1748269572625.0,2507.67,2508.17
1748269573344.0,2507.79,2508.29
1748269573581.0,2507.67,2508.17
1748269573882.0,2507.79,2508.29
1748269574105.0,2507.92,2508.42
1748269579174,,
1748269580229.0,2508.04,2508.54
1748269581470,,
1748269582011.0,2508.17,2508.67
1748269582860.0,2508.04,2508.54
1748269584270.0,2507.92,2508.42
1748269584495.0,2508.04,2508.54
1748269584943.0,2507.92,2508.42
1748269585176,,
1748269585391.0,2507.67,2508.17
1748269585684.0,2507.54,2508.04
1748269587093.0,2507.42,2507.92
1748269587318.0,2507.67,2508.17
1748269589575.0,2507.92,2508.42
1748269591285,,
1748269600175,,
1748269603296.0,2507.79,2508.29
1748269606057.0,2507.67,2508.17
1748269608037.0,2507.42,2507.92
1748269611906.0,2507.17,2507.67
1748269614678,,
1748269614867.0,2507.42,2507.92
1748269627177,,
1748269630848.0,2507.17,2507.67
1748269635176,,
1748269650939.0,2507.42,2507.92
1748269651656.0,2507.29,2507.79
1748269651881.0,2507.17,2507.67
1748269654876.0,2507.42,2507.92
1748269669171,,
1748269673121.0,2507.67,2508.17
1748269675275.0,2507.42,2507.92
1748269680174,,
1748269690113.0,2507.67,2508.17
1748269693112.0,2507.54,2508.04
1748269694177,,
1748269705292.0,2507.17,2507.67
1748269706175,,
1748269706572.0,2507.29,2507.79
1748269713329.0,2507.17,2507.67
1748269718808.0,2507.04,2507.54
1748269719941.0,2507.17,2507.67
1748269735654,,
1748269737825,,
1748269741214.0,2507.42,2507.92
1748269747173,,
1748269748888.0,2507.54,2508.04
1748269749175,,
1748269750860.0,2507.67,2508.17
1748269752790,,
1748269753003.0,2507.42,2507.92
1748269757176,,
1748269758175,,
1748269759060.0,2507.67,2508.17
1748269760091.0,2507.54,2508.04
1748269765076.0,2507.42,2507.92
1748269771185.0,2507.67,2508.17
1748269773840,,
1748269776174,,
1748269781596,,
1748269788268.0,2507.42,2507.92
1748269792569,,
1748269792791.0,2507.67,2508.17
1748269793646.0,2507.54,2508.04
1748269794590.0,2507.42,2507.92
1748269798215,,
1748269800298.0,2507.85,2508.35
1748269813347.0,2507.72,2508.22
1748269814902.0,2507.85,2508.35
1748269822879.0,2507.85,2508.35
1748269824233.0,2508.22,2508.72
1748269824993.0,2508.35,2508.85
1748269827471.0,2508.6,2509.1
1748269828178,,
1748269828426,,
1748269833662.0,2508.35,2508.85
1748269833883.0,2508.47,2508.97
1748269839804.0,2508.85,2509.35
1748269844867.0,2508.97,2509.47
1748269845819.0,2508.85,2509.35
1748269848788.0,2508.97,2509.47
1748269851683,,
1748269851977.0,2508.6,2509.1
1748269852202.0,2508.47,2508.97
1748269853476.0,2508.6,2509.1
1748269856879.0,2508.85,2509.35
1748269857104.0,2508.72,2509.22
1748269867096.0,2508.85,2509.35
1748269868132.0,2508.72,2509.22
1748269868638.0,2508.72,2509.22
1748269871810.0,2508.85,2509.35
1748269872534.0,2508.72,2509.22
1748269877101.0,2508.85,2509.35
1748269879545,,
1748269879903.0,2508.97,2509.47
1748269880402.0,2508.97,2509.47
1748269880852.0,2508.97,2509.47
1748269881727.0,2508.97,2509.47
1748269882994.0,2509.1,2509.6
1748269885298.0,2509.35,2509.85
1748269887592.0,2509.6,2510.1
1748269888181,,
1748269890175,,
1748269895541.0,2509.72,2510.22
1748269895766,,
1748269895991.0,2509.85,2510.35
1748269897356,,
1748269897636.0,2509.97,2510.47
1748269899997,,
1748269900224.0,2509.72,2510.22
1748269902139.0,2509.85,2510.35
1748269902419,,
1748269907066,,
1748269908104.0,2509.72,2510.22
1748269908326.0,2509.6,2510.1
1748269908551.0,2509.72,2510.22
1748269910379.0,2509.85,2510.35
1748269910914.0,2509.72,2510.22
1748269911303.0,2509.85,2510.35
1748269913036,,
1748269921609,,
1748269921842.0,2509.97,2510.47
1748269922171,,
1748269923502.0,2509.85,2510.35
1748269929881,,
1748269930039.0,2510.1,2510.6
1748269930265.0,2509.97,2510.47
1748269930490.0,2509.85,2510.35
1748269944211,,
1748269944611,,
1748269945187,,
1748269946153,,
1748269949850.0,2509.47,2509.97
1748269950481.0,2509.6,2510.1
1748269950857,,
1748269954690,,
1748269956975.0,2509.47,2509.97
1748269957786.0,2509.35,2509.85
1748269958011.0,2509.47,2509.97
1748269960156.0,2509.6,2510.1
1748269960380.0,2509.47,2509.97
1748269961041.0,2509.35,2509.85
1748269962784.0,2509.1,2509.6
1748269973892,,
1748269974109.0,2509.35,2509.85
1748269977789.0,2509.1,2509.6
1748269978340,,
1748269983004.0,2508.97,2509.47
1748269985795.0,2509.1,2509.6
1748269991009,,
1748269992174,,
1748269992304.0,2509.22,2509.72
1748270002115.0,2509.1,2509.6
1748270002564.0,2509.22,2509.72
1748270003977.0,2509.1,2509.6
1748270004431.0,2509.22,2509.72
1748270004656.0,2509.1,2509.6
1748270006222.0,2509.22,2509.72
1748270010042.0,2509.1,2509.6
1748270013190,,
1748270017186,,
1748270029697.0,2508.97,2509.47
1748270030091.0,2508.85,2509.35
1748270045157.0,2508.72,2509.22
1748270048133.0,2508.6,2509.1
1748270048582.0,2508.72,2509.22
1748270050153.0,2508.6,2509.1
1748270050378.0,2508.72,2509.22
1748270050638.0,2508.85,2509.35
1748270055322,,
1748270066367.0,2509.1,2509.6
1748270066590.0,2508.97,2509.47
1748270070561.0,2509.1,2509.6
1748270076777.0,2509.22,2509.72
1748270093831.0,2509.1,2509.6
1748270094539.0,2508.97,2509.47
1748270096343.0,2509.1,2509.6
1748270100544,,
1748270100768,,
1748270100919.0,2508.85,2509.35
1748270102141.0,2508.72,2509.22
1748270102546.0,2508.6,2509.1
1748270103297.0,2508.35,2508.85
1748270104487.0,2508.1,2508.6
1748270104711.0,2508.35,2508.85
1748270112121.0,2508.22,2508.72
1748270112544.0,2508.35,2508.85
1748270112768.0,2508.22,2508.72
1748270114169.0,2508.35,2508.85
1748270115163,,
1748270116191,,
1748270118372.0,2508.22,2508.72
1748270119201.0,2508.1,2508.6
1748270119854.0,2508.22,2508.72
1748270120477.0,2508.1,2508.6
1748270127633,,
1748270127730.0,2507.6,2508.1
1748270128082,,
1748270128181.0,2507.85,2508.35
1748270130161.0,2507.97,2508.47
1748270131177.0,2508.1,2508.6
1748270133660.0,2507.97,2508.47
1748270137639.0,2508.1,2508.6
1748270138580.0,2508.35,2508.85
1748270155185,,
1748270155475.0,2508.6,2509.1
1748270156272.0,2508.85,2509.35
1748270161511.0,2508.6,2509.1
1748270161736.0,2508.85,2509.35
1748270170179,,
1748270170391.0,2508.6,2509.1
1748270172276.0,2508.85,2509.35
1748270178210,,
1748270178406.0,2508.97,2509.47
1748270180250.0,2509.1,2509.6
1748270182546.0,2508.85,2509.35
1748270183792,,
1748270184174,,
1748270184275.0,2508.97,2509.47
1748270184424.0,2508.85,2509.35
1748270190902.0,2508.97,2509.47
1748270192134.0,2509.1,2509.6
1748270192481.0,2508.85,2509.35
1748270195788.0,2509.1,2509.6
1748270197455.0,2508.85,2509.35
1748270203846,,
1748270205465,,
1748270207173,,
1748270210208,,
1748270212459.0,2508.72,2509.22
1748270215227.0,2508.85,2509.35
1748270215476.0,2508.72,2509.22
1748270217588.0,2508.6,2509.1
1748270218818.0,2508.85,2509.35
1748270221175,,
1748270229443,,
1748270250179,,
1748270264088.0,2508.6,2509.1
1748270265443,,
1748270268478.0,2508.35,2508.85
1748270269275.0,2508.47,2508.97
1748270269491.0,2508.35,2508.85
1748270277564.0,2508.1,2508.6
1748270277790.0,2507.97,2508.47
1748270278010.0,2508.1,2508.6
1748270280698,,
1748270281402,,
1748270282288.0,2508.6,2509.1
1748270287713.0,2508.47,2508.97
1748270289647.0,2508.6,2509.1
1748270308028.0,2508.85,2509.35
1748270308478.0,2508.6,2509.1
1748270315175,,
1748270324380.0,2508.47,2508.97
1748270327748.0,2508.35,2508.85
1748270333179,,
1748270333756.0,2508.6,2509.1
1748270333978.0,2508.47,2508.97
1748270340094.0,2508.6,2509.1
1748270342780.0,2508.1,2508.6
1748270344926,,
1748270346839.0,2508.22,2508.72
1748270347340.0,2508.35,2508.85
1748270348081.0,2508.1,2508.6
1748270353203.0,2508.22,2508.72
1748270353677.0,2508.35,2508.85
1748270354130.0,2508.22,2508.72
1748270355136.0,2508.35,2508.85
1748270357522.0,2508.22,2508.72
1748270366353.0,2508.35,2508.85
1748270366625.0,2508.22,2508.72
1748270369325.0,2508.1,2508.6
1748270370179,,
1748270371123.0,2508.22,2508.72
1748270373434.0,2508.1,2508.6
1748270381174,,
1748270386586.0,2507.85,2508.35
1748270387470,,
1748270391531.0,2507.97,2508.47
1748270398386.0,2508.1,2508.6
1748270398835.0,2507.97,2508.47
1748270399057.0,2508.1,2508.6
1748270400009.0,2507.94,2508.44
1748270401447,,
1748270403178,,
1748270403278.0,2507.69,2508.19
1748270403977.0,2507.56,2508.06
1748270404617.0,2507.69,2508.19
1748270406174,,
1748270409765.0,2507.94,2508.44
1748270413178,,
1748270413397.0,2507.81,2508.31
1748270416030.0,2507.94,2508.44
1748270416530.0,2507.81,2508.31
1748270419776.0,2507.69,2508.19
1748270422688.0,2507.44,2507.94
1748270423267.0,2507.56,2508.06
1748270426499.0,2507.69,2508.19
1748270429186,,
1748270429286.0,2507.81,2508.31
1748270432500.0,2507.81,2508.31
1748270434120.0,2507.94,2508.44
1748270460763,,
1748270472796,,
1748270472896.0,2508.19,2508.69
1748270474187,,
1748270474383.0,2508.06,2508.56
1748270474622.0,2508.19,2508.69
1748270477338.0,2508.44,2508.94
1748270478183,,
1748270483172,,
1748270487408.0,2508.56,2509.06
1748270487634.0,2508.69,2509.19
1748270487859.0,2508.81,2509.31
1748270491317.0,2508.94,2509.44
1748270495284,,
1748270497383,,
1748270497482.0,2508.81,2509.31
1748270501814.0,2508.69,2509.19
1748270505433.0,2508.56,2509.06
1748270505658.0,2508.44,2508.94
1748270508344.0,2508.31,2508.81
1748270508576.0,2508.44,2508.94
1748270509499.0,2508.56,2509.06
1748270513375.0,2508.69,2509.19
1748270518186,,
1748270524680.0,2508.81,2509.31
1748270526163.0,2508.69,2509.19
1748270541174,,
1748270541352.0,2508.81,2509.31
1748270543528.0,2508.69,2509.19
1748270549517,,
1748270549651.0,2508.94,2509.44
1748270550610,,
1748270556294.0,2508.69,2509.19
1748270558175,,
1748270562523.0,2508.56,2509.06
1748270572115.0,2508.69,2509.19
1748270579549.0,2508.56,2509.06
1748270586575.0,2508.69,2509.19
1748270587179,,
1748270606149,,
1748270613799.0,2508.44,2508.94
1748270616175,,
1748270616404.0,2508.69,2509.19
1748270616837,,
1748270616983.0,2508.44,2508.94
1748270618175,,
1748270621547.0,2508.69,2509.19
1748270627054.0,2508.56,2509.06
1748270630776,,
1748270641870.0,2508.69,2509.19
1748270642097.0,2508.56,2509.06
1748270643730.0,2508.69,2509.19
1748270646586.0,2508.56,2509.06
1748270649938.0,2508.69,2509.19
1748270650389.0,2508.56,2509.06
1748270650940.0,2508.69,2509.19
1748270653535.0,2508.56,2509.06
1748270654009.0,2508.44,2508.94
1748270656387.0,2508.31,2508.81
1748270660798.0,2508.44,2508.94
1748270661176,,
1748270661274.0,2508.31,2508.81
1748270661868.0,2508.44,2508.94
1748270662368.0,2508.31,2508.81
1748270664461.0,2508.19,2508.69
1748270669174,,
1748270671272.0,2508.31,2508.81
1748270671974.0,2508.44,2508.94
1748270683434.0,2508.94,2509.44
1748270684179,,
1748270688529,,
1748270688962.0,2508.69,2509.19
1748270700650,,
1748270702602.0,2508.94,2509.44
1748270702865,,
1748270705199,,
1748270706123,,
1748270712854,,
1748270713069.0,2508.56,2509.06
1748270715797.0,2508.44,2508.94
1748270720605.0,2508.19,2508.69
1748270724179,,
1748270724395.0,2508.31,2508.81
1748270724620.0,2508.19,2508.69
1748270727391.0,2508.44,2508.94
1748270727841.0,2508.31,2508.81
1748270728422.0,2508.19,2508.69
1748270735033,,
1748270735399.0,2508.44,2508.94
1748270736129.0,2508.69,2509.19
1748270739235.0,2508.81,2509.31
1748270742254.0,2508.94,2509.44
1748270744437.0,2508.81,2509.31
1748270749159.0,2508.69,2509.19
1748270750007,,
1748270750400.0,2508.81,2509.31
1748270753907.0,2508.94,2509.44
1748270756009.0,2508.81,2509.31
1748270757545.0,2508.94,2509.44
1748270763175,,
1748270765435.0,2508.94,2509.44
1748270765987.0,2508.81,2509.31
1748270766719.0,2508.94,2509.44
1748270770741.0,2508.69,2509.19
1748270786679.0,2508.56,2509.06
1748270792054.0,2508.69,2509.19
1748270792575.0,2508.81,2509.31
1748270793177,,
1748270794727.0,2508.94,2509.44
1748270795273.0,2508.69,2509.19
1748270800243.0,2508.69,2509.19
1748270806120,,
1748270806239.0,2509.06,2509.56
1748270807047.0,2508.94,2509.44
1748270810117,,
1748270810228.0,2508.81,2509.31
1748270814166.0,2508.69,2509.19
1748270815172,,
1748270818186,,
1748270818838.0,2508.94,2509.44
1748270830952.0,2509.19,2509.69
1748270831446,,
1748270832481.0,2509.06,2509.56
1748270833396.0,2508.94,2509.44
1748270843174,,
1748270862395.0,2508.81,2509.31
1748270862894.0,2508.69,2509.19
1748270868419.0,2508.44,2508.94
1748270869214.0,2508.69,2509.19
1748270870925,,
1748270874668.0,2508.81,2509.31
1748270874891.0,2508.94,2509.44
1748270875978.0,2508.81,2509.31
1748270878643.0,2508.69,2509.19
1748270890510.0,2508.56,2509.06
1748270893530,,
1748270893970.0,2508.56,2509.06
1748270895383.0,2508.69,2509.19
1748270901924.0,2508.56,2509.06
1748270902191.0,2508.44,2508.94
1748270915889.0,2508.31,2508.81
1748270916424.0,2508.19,2508.69
1748270919215.0,2508.44,2508.94
1748270921001.0,2508.31,2508.81
1748270922015.0,2508.19,2508.69
1748270922800.0,2507.94,2508.44
1748270924986.0,2508.19,2508.69
1748270925481.0,2508.06,2508.56
1748270926964.0,2507.94,2508.44
1748270927205.0,2508.19,2508.69
1748270938940.0,2508.31,2508.81
1748270940616.0,2508.44,2508.94
1748270943665.0,2508.69,2509.19
1748270948173,,
1748270948370.0,2508.81,2509.31
1748270957590.0,2508.69,2509.19
1748270958040.0,2508.94,2509.44
1748270965317.0,2508.81,2509.31
1748270968047.0,2508.69,2509.19
1748270968273.0,2508.94,2509.44
1748270970180,,
1748270973659.0,2508.81,2509.31
1748270976287.0,2508.69,2509.19
1748270988385,,
1748270990435.0,2508.44,2508.94
1748270996058,,
1748271000019.0,2508.55,2509.05
1748271001790,,
1748271003358.0,2508.42,2508.92
1748271004174,,
1748271009416.0,2508.55,2509.05
1748271024967,,
1748271046656.0,2508.8,2509.3
1748271046881,,
1748271051096.0,2508.92,2509.42
1748271053442,,
1748271054383,,
1748271054575,,
1748271064750.0,2508.67,2509.17
1748271065068.0,2508.8,2509.3
1748271070030,,
1748271070182.0,2508.67,2509.17
1748271071391.0,2508.8,2509.3
1748271078252,,
1748271078348,,
1748271081423.0,2508.92,2509.42
1748271082175,,
1748271086212.0,2509.05,2509.55
1748271092293.0,2508.8,2509.3
1748271092657.0,2508.67,2509.17
1748271095973.0,2508.8,2509.3
1748271127458,,
1748271127554.0,2508.92,2509.42
1748271129716.0,2508.8,2509.3
1748271138467.0,2509.05,2509.55
1748271144176,,
1748271144702,,
1748271145856,,
1748271146175,,
1748271146344.0,2509.17,2509.67
1748271149231.0,2509.05,2509.55
1748271149572,,
1748271154175,,
1748271158059.0,2508.92,2509.42
1748271163174,,
1748271163274.0,2509.05,2509.55
1748271164009.0,2508.92,2509.42
1748271165595.0,2508.8,2509.3
1748271177664,,
1748271179174,,
1748271180624,,
1748271181177,,
1748271187236.0,2508.67,2509.17
1748271187762.0,2508.55,2509.05
1748271205664.0,2508.8,2509.3
1748271205898.0,2508.67,2509.17
1748271206173,,
1748271211516.0,2508.55,2509.05
1748271214175,,
1748271214358.0,2508.67,2509.17
1748271214583.0,2508.8,2509.3
1748271216482.0,2508.67,2509.17
1748271220816.0,2508.8,2509.3
1748271222712,,
1748271225171,,
1748271229846.0,2509.05,2509.55
1748271238877.0,2508.92,2509.42
1748271240379.0,2508.8,2509.3
1748271240603.0,2508.92,2509.42
1748271245274.0,2509.05,2509.55
1748271245736,,
1748271260087.0,2508.92,2509.42
1748271262065.0,2508.8,2509.3
1748271262288.0,2508.92,2509.42
1748271270902.0,2509.05,2509.55
1748271278175,,
1748271282539,,
1748271284893,,
1748271284990.0,2508.8,2509.3
1748271290112.0,2509.05,2509.55
1748271290396,,
1748271290549.0,2508.92,2509.42
1748271291115.0,2509.05,2509.55
1748271292091.0,2508.92,2509.42
1748271295086.0,2508.8,2509.3
1748271295357.0,2509.05,2509.55
1748271297846.0,2508.92,2509.42
1748271299385.0,2509.05,2509.55
1748271299913.0,2508.92,2509.42
1748271305047.0,2508.8,2509.3
1748271305888.0,2508.92,2509.42
1748271306418.0,2508.8,2509.3
1748271316989.0,2509.05,2509.55
1748271320816.0,2508.92,2509.42
1748271321893.0,2509.05,2509.55
1748271323176,,
1748271333207.0,2508.92,2509.42
1748271334428.0,2509.05,2509.55
1748271353173.0,2508.92,2509.42
1748271356382.0,2508.8,2509.3
1748271362506.0,2508.67,2509.17
1748271362957.0,2508.55,2509.05
1748271367595.0,2508.42,2508.92
1748271367845.0,2508.55,2509.05
1748271369102.0,2508.42,2508.92
1748271369325.0,2508.3,2508.8
1748271369551.0,2508.42,2508.92
1748271372590.0,2508.55,2509.05
1748271374163,,
1748271374448.0,2508.8,2509.3
1748271383041.0,2508.67,2509.17
1748271383263.0,2508.55,2509.05
1748271384259.0,2508.67,2509.17
1748271388474.0,2508.55,2509.05
1748271395176,,
1748271395292.0,2508.67,2509.17
1748271397333.0,2508.55,2509.05
1748271400689,,
1748271400903.0,2508.67,2509.17
1748271402182.0,2508.55,2509.05
1748271414177,,
1748271415156,,
1748271431175,,
1748271431348.0,2508.8,2509.3
1748271431573.0,2508.92,2509.42
1748271431796.0,2509.05,2509.55
1748271437501,,
1748271437639.0,2508.8,2509.3
1748271440578,,
1748271442655,,
1748271445177,,
1748271453378.0,2508.92,2509.42
1748271453604.0,2509.05,2509.55
1748271473825,,
1748271476175,,
1748271480851.0,2508.92,2509.42
1748271485619.0,2508.8,2509.3
1748271488177,,
1748271490041.0,2508.67,2509.17
1748271490302.0,2508.8,2509.3
1748271492172,,
1748271498671,,
1748271498770.0,2508.92,2509.42
1748271499725.0,2509.05,2509.55
1748271499951,,
1748271500341.0,2509.17,2509.67
1748271501821.0,2509.05,2509.55
1748271516078.0,2508.92,2509.42
1748271516679.0,2509.05,2509.55
1748271517173,,
1748271517813.0,2508.92,2509.42
1748271518037,,
1748271518262.0,2509.05,2509.55
1748271520658,,
1748271520959.0,2509.3,2509.8
1748271521185.0,2509.17,2509.67
1748271525320.0,2509.05,2509.55
1748271529654.0,2508.8,2509.3
1748271540280,,
1748271540709.0,2508.67,2509.17
1748271541388,,
1748271543375.0,2508.55,2509.05
1748271546105.0,2508.67,2509.17
1748271549790.0,2508.8,2509.3
1748271559561.0,2509.05,2509.55
1748271560128.0,2508.92,2509.42
1748271560578.0,2508.8,2509.3
1748271561478.0,2508.92,2509.42
1748271569981.0,2508.8,2509.3
1748271570846.0,2509.05,2509.55
1748271573886.0,2508.8,2509.3
1748271575624.0,2508.92,2509.42
1748271575849.0,2509.05,2509.55
1748271576436.0,2508.92,2509.42
1748271580560.0,2508.8,2509.3
1748271581344.0,2508.92,2509.42
1748271581569.0,2508.8,2509.3
1748271582297.0,2508.92,2509.42
1748271587625.0,2509.05,2509.55
1748271589176,,
1748271591691.0,2508.92,2509.42
1748271592217.0,2508.8,2509.3
1748271595043.0,2508.92,2509.42
1748271595265.0,2508.8,2509.3
1748271597598,,
1748271600012.0,2508.7,2509.2
1748271600278,,
1748271603431,,
1748271603583.0,2508.57,2509.07
1748271603808.0,2508.7,2509.2
1748271604302.0,2508.57,2509.07
1748271606644.0,2508.45,2508.95
1748271606901,,
1748271607093.0,2508.7,2509.2
1748271608699,,
1748271609118,,
1748271610435.0,2508.45,2508.95
1748271612520,,
1748271615114,,
1748271615563,,
1748271615664.0,2508.57,2509.07
1748271615911.0,2508.45,2508.95
1748271617509,,
1748271618257.0,2508.57,2509.07
1748271618489.0,2508.7,2509.2
1748271629284.0,2508.82,2509.32
1748271629506.0,2508.95,2509.45
1748271632822,,
1748271635363,,
1748271635578.0,2508.7,2509.2
1748271636028.0,2508.95,2509.45
1748271637363,,
1748271640271.0,2508.7,2509.2
1748271640979.0,2508.82,2509.32
1748271649073.0,2508.7,2509.2
1748271649297.0,2508.95,2509.45
1748271651057.0,2509.07,2509.57
1748271651282.0,2509.2,2509.7
1748271653194.0,2509.07,2509.57
1748271659288.0,2509.2,2509.7
1748271660423,,
1748271661927.0,2509.32,2509.82
1748271663226.0,2509.2,2509.7
1748271666635.0,2508.95,2509.45
1748271667063.0,2508.82,2509.32
1748271667317.0,2508.95,2509.45
1748271667566.0,2508.82,2509.32
1748271668113.0,2508.7,2509.2
1748271668338,,
1748271668563.0,2508.95,2509.45
1748271669167.0,2508.57,2509.07
1748271669284.0,2508.45,2508.95
1748271671065.0,2508.32,2508.82
1748271671289.0,2508.2,2508.7
1748271672948,,
1748271674054,,
1748271674531.0,2508.45,2508.95
1748271687505.0,2508.57,2509.07
1748271692335,,
1748271693174,,
1748271693343.0,2508.7,2509.2
1748271697186.0,2508.57,2509.07
1748271699401.0,2508.45,2508.95
1748271700990.0,2508.32,2508.82
1748271703072.0,2508.2,2508.7
1748271703294,,
1748271703890.0,2508.32,2508.82
1748271704928.0,2508.2,2508.7
1748271715067.0,2508.07,2508.57
1748271715289,,
1748271715516.0,2507.95,2508.45
1748271720129,,
1748271720270.0,2508.2,2508.7
1748271721128.0,2508.07,2508.57
1748271728173,,
1748271728340.0,2507.95,2508.45
1748271737786.0,2507.82,2508.32
1748271738010.0,2507.7,2508.2
1748271740175,,
1748271743107.0,2506.7,2507.2
1748271743317,,
1748271743769.0,2506.82,2507.32
1748271745280.0,2507.07,2507.57
1748271746177.0,2507.2,2507.7
1748271746397,,
1748271746624.0,2507.07,2507.57
1748271746858.0,2506.95,2507.45
1748271747075.0,2506.82,2507.32
1748271748122,,
1748271748219.0,2506.95,2507.45
1748271748473.0,2506.82,2507.32
1748271749575,,
1748271751174,,
1748271760280.0,2506.95,2507.45
1748271760503,,
1748271764421.0,2506.82,2507.32
1748271779049.0,2506.7,2507.2
1748271779285,,
1748271780472.0,2506.82,2507.32
1748271788262.0,2506.7,2507.2
1748271788861.0,2506.82,2507.32
1748271789836.0,2506.95,2507.45
1748271790062.0,2506.82,2507.32
1748271796235.0,2506.95,2507.45
1748271804456,,
1748271805175,,
1748271809090,,
1748271809189.0,2506.7,2507.2
1748271809903,,
1748271810001.0,2506.95,2507.45
1748271810137.0,2507.07,2507.57
1748271810345.0,2506.95,2507.45
1748271811456,,
1748271812096.0,2506.82,2507.32
1748271813174.0,2506.7,2507.2
1748271813375,,
1748271813600.0,2506.82,2507.32
1748271816070.0,2506.95,2507.45
1748271822673,,
1748271822772,,
1748271826184,,
1748271829248,,
1748271830625.0,2506.82,2507.32
1748271831402.0,2506.95,2507.45
1748271831850.0,2506.82,2507.32
1748271833885.0,2506.95,2507.45
1748271836153.0,2506.7,2507.2
1748271836376,,
1748271836602.0,2506.82,2507.32
1748271836938.0,2506.95,2507.45
1748271838176,,
1748271839174,,
1748271842990.0,2507.07,2507.57
1748271843214,,
1748271844175,,
1748271844337.0,2506.95,2507.45
1748271844563.0,2507.07,2507.57
1748271848114.0,2507.2,2507.7
1748271848337.0,2506.95,2507.45
1748271853903.0,2506.82,2507.32
1748271854125,,
1748271855435,,
1748271858045.0,2506.7,2507.2
1748271862023,,
1748271862193.0,2506.57,2507.07
1748271863001,,
1748271863535.0,2506.7,2507.2
1748271868174,,
1748271871081,,
1748271883441,,
1748271883539.0,2506.57,2507.07
1748271884047.0,2506.45,2506.95
1748271884378,,
1748271884496.0,2506.57,2507.07
1748271885491.0,2506.45,2506.95
1748271886125,,
1748271886979,,
1748271901954,,
1748271906066,,
1748271906226.0,2506.32,2506.82
1748271906451.0,2506.45,2506.95
1748271914683,,
1748271914781.0,2506.32,2506.82
1748271915725,,
1748271916059.0,2506.45,2506.95
1748271918190,,
1748271918564,,
1748271919006,,
1748271919177,,
1748271919981,,
1748271922173,,
1748271926180,,
1748271926279.0,2506.7,2507.2
1748271928413,,
1748271932174,,
1748271934174,,
1748271936180,,
1748271937169.0,2506.57,2507.07
1748271940436.0,2506.7,2507.2
1748271953175,,
1748271954405,,
1748271961711,,
1748271961931.0,2506.45,2506.95
1748271963174,,
1748271963513.0,2506.7,2507.2
1748271967597,,
1748271967696.0,2506.45,2506.95
1748271968053,,
1748271968484.0,2506.57,2507.07
1748271968885.0,2506.7,2507.2
1748271969110.0,2506.57,2507.07
1748271970352,,
1748271971943.0,2506.7,2507.2
1748271972174,,
1748271984175,,
1748271984275.0,2506.45,2506.95
1748271984447.0,2506.7,2507.2
1748271984672,,
1748271985641,,
1748271994334,,
1748271995244,,
1748271997362.0,2506.95,2507.45
1748271998175,,
1748271998396.0,2506.7,2507.2
1748271998619.0,2506.82,2507.32
1748271998845.0,2506.7,2507.2
1748271999625,,
1748271999722.0,2506.82,2507.32
1748272009676.0,2506.95,2507.45
1748272013097.0,2506.82,2507.32
1748272015672.0,2506.95,2507.45
1748272016862.0,2506.82,2507.32
1748272017312.0,2507.07,2507.57
1748272017536,,
1748272018135.0,2506.95,2507.45
1748272022173,,
1748272025258,,
1748272026085,,
1748272026311.0,2506.82,2507.32
1748272026656.0,2506.95,2507.45
1748272027618.0,2506.82,2507.32
1748272028275.0,2506.95,2507.45
1748272029273.0,2506.7,2507.2
1748272030316.0,2506.95,2507.45
1748272031085.0,2506.82,2507.32
1748272031692.0,2506.7,2507.2
1748272051121,,
1748272052911.0,2506.95,2507.45
1748272053174,,
1748272055828,,
1748272058503.0,2507.2,2507.7
1748272062627,,
1748272068749.0,2507.07,2507.57
1748272069216.0,2507.2,2507.7
1748272074084.0,2506.95,2507.45
1748272079961.0,2507.2,2507.7
1748272088859,,
1748272091640,,
1748272094791.0,2506.95,2507.45
1748272096458,,
1748272096604.0,2507.07,2507.57
1748272096829.0,2506.95,2507.45
1748272098507.0,2507.2,2507.7
1748272106175,,
1748272106365.0,2506.95,2507.45
1748272107236,,
1748272107426.0,2507.2,2507.7
1748272115156,,
1748272116878,,
1748272122932,,
1748272123156,,
1748272123802,,
1748272125313.0,2507.45,2507.95
1748272125525,,
1748272133068.0,2507.32,2507.82
1748272134174,,
1748272137989.0,2507.2,2507.7
1748272139055.0,2507.32,2507.82
1748272140196.0,2507.2,2507.7
1748272145309,,
1748272145535.0,2507.32,2507.82
1748272148114.0,2507.45,2507.95
1748272154285.0,2507.32,2507.82
1748272154508,,
1748272154721,,
1748272154948.0,2507.45,2507.95
1748272155724,,
1748272155824.0,2507.7,2508.2
1748272159175,,
1748272160342,,
1748272160659.0,2507.95,2508.45
1748272160883.0,2507.82,2508.32
1748272165436.0,2507.7,2508.2
1748272182329,,
1748272187173,,
1748272187349.0,2507.82,2508.32
1748272187575,,
1748272190039.0,2507.7,2508.2
1748272199181,,
1748272200019.0,2507.73,2508.23
1748272201271.0,2507.98,2508.48
1748272201541,,
1748272203883.0,2508.23,2508.73
1748272204174,,
1748272205272.0,2508.35,2508.85
1748272205421,,
1748272207044.0,2508.48,2508.98
1748272207494.0,2508.48,2508.98
1748272219461.0,2508.6,2509.1
1748272222009.0,2508.48,2508.98
1748272222500.0,2508.6,2509.1
1748272223089.0,2508.73,2509.23
1748272225208,,
1748272225347.0,2508.6,2509.1
1748272228264.0,2508.73,2509.23
1748272230719.0,2508.85,2509.35
1748272231087.0,2508.73,2509.23
1748272235040.0,2508.6,2509.1
1748272236178,,
1748272237117.0,2508.73,2509.23
1748272239266.0,2508.85,2509.35
1748272240300.0,2508.73,2509.23
1748272243675.0,2508.85,2509.35
1748272245326.0,2508.73,2509.23
1748272247656.0,2508.85,2509.35
1748272250331.0,2508.73,2509.23
1748272257744,,
1748272268260.0,2508.85,2509.35
1748272268484,,
1748272269507.0,2508.98,2509.48
1748272269733,,
1748272270829.0,2508.85,2509.35
1748272272802.0,2508.98,2509.48
1748272278508,,
1748272283175,,
1748272283895.0,2508.85,2509.35
1748272293104.0,2508.98,2509.48
1748272295343,,
1748272298175,,
1748272299063.0,2508.85,2509.35
1748272300175,,
1748272304376.0,2508.98,2509.48
1748272308173,,
1748272310045,,
1748272310267,,
1748272311027,,
1748272311269,,
1748272311924.0,2509.1,2509.6
1748272323044.0,2508.98,2509.48
1748272324894.0,2509.23,2509.73
1748272325684,,
1748272327273.0,2509.35,2509.85
1748272328117.0,2509.48,2509.98
1748272328343.0,2509.73,2510.23
1748272328566.0,2509.6,2510.1
1748272329591.0,2509.48,2509.98
1748272330041.0,2509.6,2510.1
1748272330263,,
1748272330865,,
1748272331095.0,2509.73,2510.23
1748272331318,,
1748272331543.0,2509.6,2510.1
1748272331870.0,2509.73,2510.23
1748272332175,,
1748272332319.0,2509.6,2510.1
1748272333482.0,2509.73,2510.23
1748272333732.0,2509.6,2510.1
1748272335187,,
1748272345175,,
1748272349429.0,2509.73,2510.23
1748272351132,,
1748272352553.0,2509.98,2510.48
1748272352779.0,2509.85,2510.35
1748272362154.0,2509.98,2510.48
1748272362909,,
1748272363006.0,2509.85,2510.35
1748272373175,,
1748272379947,,
1748272380136.0,2509.98,2510.48
1748272381323,,
1748272381548.0,2509.85,2510.35
1748272382174,,
1748272384317.0,2509.73,2510.23
1748272384673.0,2509.85,2510.35
1748272386403.0,2509.73,2510.23
1748272389188,,
1748272391177,,
1748272397174,,
1748272405672.0,2509.6,2510.1
1748272410632.0,2509.48,2509.98
1748272411175,,
1748272417132,,
1748272417231.0,2509.6,2510.1
1748272417380.0,2509.48,2509.98
1748272422184,,
1748272428174,,
1748272428274.0,2509.23,2509.73
1748272430757.0,2509.1,2509.6
1748272433290.0,2508.98,2509.48
1748272434716.0,2508.85,2509.35
1748272438908.0,2508.98,2509.48
1748272440367.0,2508.85,2509.35
1748272440631.0,2508.98,2509.48
1748272445661,,
1748272447602.0,2508.85,2509.35
1748272448114.0,2508.73,2509.23
1748272451840,,
1748272452065,,
1748272454177,,
1748272455931,,
1748272456076.0,2508.48,2508.98
1748272459651.0,2508.73,2509.23
1748272468174,,
1748272471076,,
1748272471174.0,2508.85,2509.35
1748272472032.0,2508.73,2509.23
1748272473175,,
1748272474952.0,2508.6,2509.1
1748272478043.0,2508.48,2508.98
1748272478267.0,2508.73,2509.23
1748272479199.0,2508.48,2508.98
1748272482177,,
1748272482277.0,2508.23,2508.73
1748272484564,,
1748272485178,,
1748272491351.0,2508.1,2508.6
1748272492383.0,2508.23,2508.73
1748272496174,,
1748272497959.0,2508.1,2508.6
1748272500153,,
1748272500851.0,2508.23,2508.73
1748272507298.0,2508.1,2508.6
1748272508116.0,2508.23,2508.73
1748272518924.0,2508.48,2508.98
1748272520126,,
1748272520388.0,2508.48,2508.98
1748272529057.0,2508.35,2508.85
1748272529781.0,2508.23,2508.73
1748272533555,,
1748272533668.0,2508.1,2508.6
1748272533894.0,2508.23,2508.73
1748272534173,,
1748272535173,,
1748272553960.0,2507.98,2508.48
1748272554061.0,2507.85,2508.35
1748272554661.0,2507.98,2508.48
1748272555172,,
1748272556305,,
1748272559076.0,2507.73,2508.23
1748272559299,,
1748272559525.0,2507.48,2507.98
1748272560274.0,2507.73,2508.23
1748272563624.0,2507.6,2508.1
1748272563849.0,2507.73,2508.23
1748272565923.0,2507.85,2508.35
1748272568647.0,2507.98,2508.48
1748272569097.0,2507.85,2508.35
1748272569685.0,2507.98,2508.48
1748272575183.0,2507.85,2508.35
1748272577047.0,2507.73,2508.23
1748272577271.0,2507.85,2508.35
1748272585333.0,2507.98,2508.48
1748272586556.0,2507.85,2508.35
1748272588839.0,2507.6,2508.1
1748272599256.0,2507.48,2507.98
1748272599932.0,2507.73,2508.23
1748272608068,,
1748272612299,,
1748272616175,,
1748272616283.0,2507.98,2508.48
1748272617112.0,2507.85,2508.35
1748272618045.0,2507.73,2508.23
1748272620297.0,2507.85,2508.35
1748272622261.0,2507.73,2508.23
1748272624174,,
1748272624306.0,2507.85,2508.35
1748272626187.0,2507.73,2508.23
1748272627281.0,2507.85,2508.35
1748272627520.0,2507.98,2508.48
1748272629174,,
1748272630028.0,2508.1,2508.6
1748272635182.0,2508.23,2508.73
1748272642045.0,2507.98,2508.48
1748272643175,,
1748272644173,,
1748272659178,,
1748272664758.0,2507.85,2508.35
1748272667046.0,2507.73,2508.23
1748272668365.0,2507.48,2507.98
1748272669179,,
1748272670174,,
1748272670286.0,2507.73,2508.23
1748272679913,,
1748272680278.0,2507.48,2507.98
1748272681922,,
1748272682146.0,2507.73,2508.23
1748272683179,,
1748272683430.0,2507.6,2508.1
1748272688113.0,2507.73,2508.23
1748272693135,,
1748272693496.0,2507.6,2508.1
1748272699175,,
1748272707174,,
1748272710175,,
1748272712430.0,2507.73,2508.23
1748272714472,,
1748272714793.0,2507.98,2508.48
1748272715758,,
1748272717881.0,2507.73,2508.23
1748272719131,,
1748272728766,,
1748272730177,,
1748272739467,,
1748272747037,,
1748272747170,,
1748272748266.0,2507.85,2508.35
1748272748490.0,2507.98,2508.48
1748272748719.0,2507.85,2508.35
1748272750050.0,2507.98,2508.48
1748272756157,,
1748272757112.0,2507.73,2508.23
1748272758179,,
1748272759931.0,2507.85,2508.35
1748272766407.0,2507.98,2508.48
1748272767176,,
1748272769176,,
1748272771898.0,2507.73,2508.23
1748272772122.0,2507.85,2508.35
1748272773990,,
1748272777965.0,2507.98,2508.48
1748272778185,,
1748272780723.0,2507.85,2508.35
1748272783048,,
1748272784503.0,2507.73,2508.23
1748272789174,,
1748272793230.0,2507.85,2508.35
1748272796903.0,2507.73,2508.23
1748272797672.0,2507.85,2508.35
1748272799086.0,2507.98,2508.48
1748272799873,,
1748272800018.0,2507.82,2508.32
1748272803176,,
1748272803588.0,2507.69,2508.19
1748272803919.0,2507.82,2508.32
1748272804370.0,2507.69,2508.19
1748272805499.0,2507.57,2508.07
1748272807490.0,2507.69,2508.19
1748272812046.0,2507.57,2508.07
1748272812320.0,2507.69,2508.19
1748272816035.0,2507.57,2508.07
1748272816955,,
1748272817061.0,2507.82,2508.32
1748272817286.0,2507.57,2508.07
1748272818175,,
1748272819459.0,2507.69,2508.19
1748272819976.0,2507.82,2508.32
1748272820920.0,2507.69,2508.19
1748272823880.0,2507.82,2508.32
1748272828175,,
1748272828868.0,2507.69,2508.19
1748272831290.0,2507.57,2508.07
1748272833575.0,2507.32,2507.82
1748272833798.0,2507.44,2507.94
1748272847080,,
1748272847960.0,2507.32,2507.82
1748272848182.0,2507.44,2507.94
1748272854556.0,2507.57,2508.07
1748272854780.0,2507.82,2508.32
1748272856179,,
1748272856515.0,2507.94,2508.44
1748272858836.0,2508.07,2508.57
1748272860087.0,2508.19,2508.69
1748272861818.0,2508.32,2508.82
1748272865943.0,2508.44,2508.94
1748272868116.0,2508.32,2508.82
1748272871239,,
1748272871464.0,2508.19,2508.69
1748272871687.0,2508.32,2508.82
1748272875174,,
1748272876310,,
1748272876647.0,2508.07,2508.57
1748272876870.0,2507.82,2508.32
1748272877176,,
1748272880176,,
1748272880452.0,2507.94,2508.44
1748272880679.0,2508.07,2508.57
1748272889253,,
1748272891176,,
1748272895067.0,2507.94,2508.44
1748272896435.0,2508.07,2508.57
1748272900176,,
1748272907183.0,2507.94,2508.44
1748272909348.0,2507.82,2508.32
1748272909960.0,2507.94,2508.44
1748272912175,,
1748272915936.0,2508.07,2508.57
1748272925175,,
1748272929345.0,2507.82,2508.32
1748272934582,,
1748272934807.0,2507.94,2508.44
1748272935355.0,2507.82,2508.32
1748272939120,,
1748272942174,,
1748272949177,,
1748272949342,,
1748272952186.0,2507.69,2508.19
1748272953174,,
1748272953689.0,2507.82,2508.32
1748272953913.0,2507.69,2508.19
1748272960185,,
1748272960672.0,2507.57,2508.07
1748272960896,,
1748272961122.0,2507.69,2508.19
1748272962175,,
1748272965176,,
1748272966485.0,2508.07,2508.57
1748272970177,,
1748272970728.0,2508.19,2508.69
1748272970951.0,2508.07,2508.57
1748272972030,,
1748272978909.0,2508.19,2508.69
1748272979130,,
1748272980076.0,2508.32,2508.82
1748272980300,,
1748272980525.0,2508.07,2508.57
1748272985121.0,2507.82,2508.32
1748272986179,,
1748272986279.0,2507.94,2508.44
1748272987307.0,2508.07,2508.57
1748272990101,,
1748272991201,,
1748272992144.0,2507.94,2508.44
1748272993754.0,2508.07,2508.57
1748272994117.0,2507.94,2508.44
1748272996471.0,2508.07,2508.57
1748273000306,,
1748273001187,,
1748273010177,,
1748273012188,,
1748273013166.0,2508.19,2508.69
1748273013796.0,2508.32,2508.82
1748273014020,,
1748273015596,,
1748273016176,,
1748273017178,,
1748273017841.0,2508.44,2508.94
1748273018067.0,2508.57,2509.07
1748273019638,,
1748273020182,,
1748273021120,,
1748273021345.0,2508.44,2508.94
1748273021570.0,2508.32,2508.82
1748273023674.0,2508.44,2508.94
1748273023898,,
1748273024123.0,2508.57,2509.07
1748273025941.0,2508.69,2509.19
1748273026905.0,2508.57,2509.07
1748273027963.0,2508.69,2509.19
1748273029353.0,2508.57,2509.07
1748273030174,,
1748273032961,,
1748273033860,,
1748273036060.0,2508.69,2509.19
1748273038178,,
1748273038306,,
1748273039342.0,2508.57,2509.07
1748273039640.0,2508.69,2509.19
1748273040105,,
1748273040802.0,2508.57,2509.07
1748273046178.0,2508.69,2509.19
1748273047649.0,2508.57,2509.07
1748273047875,,
1748273048100.0,2508.69,2509.19
1748273048323,,
1748273049180,,
1748273051060.0,2508.57,2509.07
1748273051284,,
1748273051899.0,2508.82,2509.32
1748273055646,,
1748273056301,,
1748273056527.0,2508.57,2509.07
1748273060058,,
1748273061175,,
1748273062177,,
1748273062367,,
1748273063538,,
1748273064179,,
1748273064619,,
1748273064842,,
1748273066380,,
1748273066605.0,2508.69,2509.19
1748273066836,,
1748273068252.0,2508.57,2509.07
1748273068872.0,2508.69,2509.19
1748273069585.0,2508.57,2509.07
1748273069879.0,2508.69,2509.19
1748273070103,,
1748273070555.0,2508.82,2509.32
1748273073004,,
1748273073375.0,2508.57,2509.07
1748273078787,,
1748273079174,,
1748273080175,,
1748273080561.0,2508.32,2508.82
1748273081276.0,2508.44,2508.94
1748273081417,,
1748273082477.0,2508.57,2509.07
1748273084030,,
1748273085175,,
1748273086184,,
1748273086285.0,2508.82,2509.32
1748273087179,,
1748273088907,,
1748273089886,,
1748273090253.0,2508.94,2509.44
1748273090476,,
1748273091181,,
1748273092175,,
1748273092275.0,2509.07,2509.57
1748273092477.0,2509.19,2509.69
1748273092702,,
1748273093145,,
1748273093265.0,2509.32,2509.82
1748273094871,,
1748273095178,,
1748273095276.0,2509.44,2509.94
1748273096480.0,2509.32,2509.82
1748273097161.0,2509.44,2509.94
1748273098268.0,2509.07,2509.57
1748273099111.0,2508.19,2509.69
1748273099563,,
1748273135505.0,2508.59,2510.09
1748273136251.0,2508.6,2510.1
1748273137609.0,2508.59,2510.09
1748273139153.0,2508.6,2510.1
1748273139875.0,2508.59,2510.09
1748273142068.0,2508.6,2510.1
1748273143623.0,2508.59,2510.09
1748273145767.0,2508.6,2510.1
1748273147631.0,2508.59,2510.09
1748273147869.0,2508.6,2510.1
1748273148370.0,2508.59,2510.09
1748273149074.0,2508.19,2509.69
1748273175282.0,2508.6,2510.1
1748273176889.0,2508.61,2510.11
1748273177112.0,2508.6,2510.1
1748273186107.0,2508.61,2510.11
1748273199188.0,2508.62,2510.12
1748273208298.0,2508.61,2510.11
1748273209797.0,2508.62,2510.12
1748273219771.0,2508.61,2510.11
1748273222457.0,2508.62,2510.12
1748273222680.0,2508.61,2510.11
1748273244048.0,2508.6,2510.1
1748273248733.0,2508.61,2510.11
1748273249331.0,2508.6,2510.1
1748273249639.0,2508.69,2510.19
1748273249984.0,2509.09,2510.59
1748273251543.0,2509.16,2510.66
1748273252071.0,2509.17,2510.67
1748273256960.0,2509.57,2511.07
1748273278168,,
1748273287223.0,2509.58,2511.08
1748273303516.0,2509.59,2511.09
1748273304532.0,2509.58,2511.08
1748273306020.0,2509.59,2511.09
1748273310508.0,2509.58,2511.08
1748273324931.0,2509.59,2511.09
1748273326272.0,2509.58,2511.08
1748273342753.0,2509.59,2511.09
1748273344919.0,2509.58,2511.08
1748273346445.0,2509.59,2511.09
1748273352087.0,2509.58,2511.08
1748273353662.0,2509.66,2511.16
1748273355101.0,2510.07,2511.57
1748273355661.0,2510.14,2511.64
1748273360799.0,2510.15,2511.65
1748273398201.0,2510.16,2511.66
1748273398926.0,2510.15,2511.65
1748273400338,,
1748273400566,,
1748273401605.0,2510.16,2511.66
1748273402415.0,2510.15,2511.65
1748273402864.0,2510.16,2511.66
1748273404718,,
1748273404820.0,2510.15,2511.65
1748273405893.0,2510.16,2511.66
1748273406118.0,2510.15,2511.65
1748273407578,,
1748273409641,,
1748273410450.0,2510.16,2511.66
1748273411465,,
1748273415172.0,2510.49,2511.89
1748273417366.0,2510.62,2512.02
1748273418549.0,2510.87,2512.27
1748273419016,,
1748273420674.0,2510.99,2512.39
1748273421794,,
1748273425131.0,2510.87,2512.27
1748273425581.0,2510.49,2511.89
1748273428207.0,2510.62,2512.02
1748273432014,,
1748273440336.0,2510.37,2511.77
1748273443552,,
1748273444291.0,2509.99,2511.39
1748273450622.0,2510.12,2511.52
1748273454257.0,2510.24,2511.64
1748273457287,,
1748273458419,,
1748273459387,,
1748273461967,,
1748273476327.0,2510.37,2511.77
1748273479409.0,2510.74,2512.14
1748273482390.0,2510.62,2512.02
1748273493520.0,2510.74,2512.14
1748273513998,,
1748273514221.0,2510.87,2512.27
1748273514446.0,2510.62,2512.02
1748273520548.0,2510.24,2511.64
1748273523304,,
1748273531515.0,2510.37,2511.77
1748273544848.0,2510.74,2512.14
1748273545319.0,2510.62,2512.02
1748273545534.0,2510.37,2511.77
1748273553520.0,2510.12,2511.52
1748273556070.0,2510.24,2511.64
1748273560161.0,2510.12,2511.52
1748273560385,,
1748273561324.0,2509.99,2511.39
1748273571362,,
1748273574371.0,2509.87,2511.27
1748273584969,,
1748273585344.0,2509.99,2511.39
1748273586641.0,2509.87,2511.27
1748273591179.0,2509.99,2511.39
1748273592563,,
1748273594586.0,2510.12,2511.52
1748273596398.0,2509.87,2511.27
1748273596624.0,2509.99,2511.39
1748273600226.0,2510.12,2511.52
1748273604487.0,2510.24,2511.64
1748273605198.0,2510.37,2511.77
1748273607629.0,2510.49,2511.89
1748273607854.0,2510.37,2511.77
1748273621376,,
1748273621472.0,2510.62,2512.02
1748273626958.0,2510.74,2512.14
1748273627407.0,2510.24,2511.64
1748273633999.0,2510.37,2511.77
1748273636668.0,2510.12,2511.52
1748273636849.0,2509.99,2511.39
1748273637074.0,2509.87,2511.27
1748273639741.0,2509.99,2511.39
1748273649031.0,2509.87,2511.27
1748273663891.0,2509.99,2511.39
1748273664116,,
1748273664342.0,2509.87,2511.27
1748273674214.0,2509.99,2511.39
1748273681293.0,2509.87,2511.27
1748273681936,,
1748273690304,,
1748273690538,,
1748273690637.0,2509.49,2510.89
1748273694010.0,2509.37,2510.77
1748273695007.0,2509.62,2511.02
1748273699490,,
1748273700748.0,2509.74,2511.14
1748273704000.0,2509.87,2511.27
1748273704227.0,2510.12,2511.52
1748273705889.0,2510.24,2511.64
1748273708292.0,2510.37,2511.77
1748273708497,,
1748273708722.0,2510.74,2512.14
1748273722682,,
1748273723717.0,2510.62,2512.02
1748273739239,,
1748273757105.0,2510.74,2512.14
1748273757553.0,2510.87,2512.27
1748273770173,,
1748273773445,,
1748273774818.0,2510.99,2512.39
1748273805155,,
1748273805382.0,2511.49,2512.89
1748273810279,,
1748273810402.0,2511.74,2513.14
1748273853553,,
1748273913120.0,2511.87,2513.27
1748273913343,,
1748273949476,,
1748273956665,,
1748273958220.0,2511.99,2513.39
1748273981796,,
1748273982554,,
1748273982795.0,2511.49,2512.89
1748273988495.0,2511.37,2512.77
1748273988720,,
1748273988944.0,2511.49,2512.89
1748273999642.0,2511.12,2512.52
1748273999866.0,2511.37,2512.77
1748274007397.0,2511.49,2512.89
1748274034926.0,2510.87,2512.27
1748274035763,,
1748274037864.0,2511.49,2512.89
1748274039827.0,2511.62,2513.02
1748274065269.0,2511.74,2513.14
1748274071377.0,2511.87,2513.27
1748274071601,,
1748274082128.0,2511.99,2513.39
1748274090550,,
1748274105417.0,2511.87,2513.27
1748274107206,,
1748274107971.0,2511.62,2513.02
1748274128147,,
1748274131741.0,2511.49,2512.89
1748274132328,,
1748274189561,,
1748274208601,,
1748274208818.0,2511.62,2513.02
1748274209773,,
1748274214946.0,2511.74,2513.14
1748274225308.0,2511.62,2513.02
1748274257602.0,2511.49,2512.89
1748274263516,,
1748274361646,,
1748274511063,,
1748274517841.0,2511.37,2512.77
1748274518290.0,2511.24,2512.64
1748274557168.0,2511.37,2512.77
1748274586096.0,2511.49,2512.89
1748274729318.0,2511.62,2513.02
1748274730204,,
1748274795669,,
1748274834680,,
1748274864433.0,2511.74,2513.14
1748274864657,,
1748274934350.0,2511.12,2512.52
1748275021851.0,2510.99,2512.39
1748275028990.0,2510.87,2512.27
1748275030235.0,2510.99,2512.39
1748275040977.0,2510.87,2512.27
1748275042642.0,2510.74,2512.14
1748275042866.0,2510.49,2511.89
1748275043229.0,2510.62,2512.02
1748275044107.0,2510.87,2512.27
1748275050093.0,2510.99,2512.39
1748275050613.0,2511.24,2512.64
1748275050836.0,2511.37,2512.77
1748275066540.0,2511.24,2512.64
1748275139630.0,2511.37,2512.77
1748275139854,,
1748275160448.0,2511.49,2512.89
1748275194890.0,2511.62,2513.02
1748275199011.0,2511.57,2513.07
1748275201695.0,2511.58,2513.08
1748275202977.0,2511.57,2513.07
1748275203924.0,2511.58,2513.08
1748275204273.0,2511.57,2513.07
1748275210140.0,2511.56,2513.06
1748275211119.0,2511.57,2513.07
1748275239062.0,2511.16,2512.66
1748275239885.0,2511.17,2512.67
1748275239982.0,2511.57,2513.07
1748275245103.0,2511.16,2512.66
1748275247637.0,2511.15,2512.65
1748275250019.0,2511.16,2512.66
1748275253727.0,2511.15,2512.65
1748275254132.0,2511.16,2512.66
1748275283301.0,2511.15,2512.65
1748275284188.0,2511.16,2512.66
1748275408300.0,2511.17,2512.67
1748275408695.0,2511.16,2512.66
1748275409457.0,2511.17,2512.67
1748275413200.0,2511.16,2512.66
1748275415013.0,2511.17,2512.67
1748275416770.0,2511.16,2512.66
1748275420939.0,2511.17,2512.67
1748275422541.0,2511.16,2512.66
1748275423917.0,2511.57,2513.07
1748275527242.0,2511.78,2513.28
1748275527467.0,2511.57,2513.07
1748275716415.0,2511.55,2513.05
1748275749747.0,2511.54,2513.04
1748275749969.0,2511.55,2513.05
1748275778948.0,2511.56,2513.06
1748275779172.0,2511.55,2513.05
1748275800574.0,2511.56,2513.06
1748275804775.0,2511.55,2513.05
1748275804997.0,2511.56,2513.06
1748275805223.0,2511.55,2513.05
1748275805447.0,2511.56,2513.06
1748275819410.0,2511.57,2513.07
1748275819545.0,2511.97,2513.47
1748275823569.0,2511.98,2513.48
1748275825047.0,2511.97,2513.47
1748275841687.0,2511.56,2513.06
1748275852447.0,2511.57,2513.07
1748275853475.0,2511.56,2513.06
1748275861633.0,2511.57,2513.07
1748275872997.0,2511.56,2513.06
1748275873499.0,2511.57,2513.07
1748275873724.0,2511.56,2513.06
1748275877966.0,2511.57,2513.07
1748275878216.0,2511.56,2513.06
1748275878615.0,2511.57,2513.07
1748275879360.0,2511.56,2513.06
1748275879960.0,2511.57,2513.07
1748275906923.0,2511.56,2513.06
1748275941865.0,2511.55,2513.05
1748275950089.0,2511.56,2513.06
1748275953403.0,2511.55,2513.05
1748275967577.0,2511.56,2513.06
1748275967800.0,2511.55,2513.05
1748275968744.0,2511.56,2513.06
1748275969577.0,2511.55,2513.05
1748275982587.0,2511.56,2513.06
1748275982808.0,2511.55,2513.05
1748275988739.0,2511.56,2513.06
1748275988996.0,2511.55,2513.05
1748276000684.0,2511.56,2513.06
1748276003795.0,2511.55,2513.05
1748276012902.0,2511.56,2513.06
1748276031542.0,2511.55,2513.05
1748276038816.0,2511.56,2513.06
1748276039925.0,2511.55,2513.05
1748276044310.0,2511.56,2513.06
1748276048160.0,2511.55,2513.05
1748276048384.0,2511.56,2513.06
1748276048937.0,2511.55,2513.05
1748276049162.0,2511.56,2513.06
1748276063284.0,2511.15,2512.65
1748276101719.0,2511.16,2512.66
1748276103494.0,2511.15,2512.65
1748276103958.0,2511.16,2512.66
1748276104183.0,2511.15,2512.65
1748276104406.0,2511.16,2512.66
1748276107462.0,2511.15,2512.65
1748276182997.0,2510.74,2512.24
1748276188161.0,2510.73,2512.23
1748276194060.0,2510.74,2512.24
1748276194286.0,2510.73,2512.23
1748276202619.0,2510.74,2512.24
1748276207084.0,2510.73,2512.23
1748276207308.0,2510.74,2512.24
1748276216750.0,2510.94,2512.44
1748276218766.0,2511.14,2512.64
1748276219216.0,2510.94,2512.44
1748276221209.0,2510.74,2512.24
1748276221478.0,2510.73,2512.23
1748276231462.0,2510.74,2512.24
1748276239493.0,2510.73,2512.23
1748276240714.0,2510.74,2512.24
1748276251409.0,2510.73,2512.23
1748276252989.0,2510.74,2512.24
1748276255119.0,2510.73,2512.23
1748276263145.0,2510.74,2512.24
1748276304923.0,2510.73,2512.23
1748276362002.0,2510.74,2512.24
1748276379071.0,2510.73,2512.23
1748276389580.0,2510.74,2512.24
1748276410872.0,2510.73,2512.23
1748276439408.0,2510.74,2512.24
1748276462332.0,2510.73,2512.23
1748276472054.0,2510.33,2511.83
1748276472152.0,2510.32,2511.82
1748276499184.0,2510.31,2511.81
1748276499762.0,2510.32,2511.82
1748276502705.0,2510.31,2511.81
1748276504564.0,2510.32,2511.82
1748276504959.0,2510.31,2511.81
1748276505356.0,2510.32,2511.82
1748276519625.0,2510.31,2511.81
1748276520026.0,2510.32,2511.82
1748276520290.0,2510.31,2511.81
1748276523495.0,2510.32,2511.82
1748276540611.0,2510.31,2511.81
1748276556206.0,2509.9,2511.4
1748276558200.0,2510.31,2511.81
1748276563604.0,2510.11,2511.61
1748276565271.0,2510.31,2511.81
1748276566827.0,2509.9,2511.4
1748276567150.0,2510.1,2511.6
1748276567428.0,2510.11,2511.61
1748276568704.0,2509.9,2511.4
1748276572124.0,2510.1,2511.6
1748276572796.0,2509.9,2511.4
1748276575429.0,2510.1,2511.6
1748276575652.0,2509.9,2511.4
1748276589468.0,2510.11,2511.61
1748276589691.0,2509.91,2511.41
1748276639558.0,2509.9,2511.4
1748276653537.0,2509.91,2511.41
1748276654999.0,2509.9,2511.4
1748276657162.0,2510.11,2511.61
1748276659319.0,2509.9,2511.4
1748276659680.0,2509.91,2511.41
1748276660100.0,2510.11,2511.61
1748276660325.0,2510.31,2511.81
1748276725957.0,2510.3,2511.8
1748276726056.0,2509.9,2511.4
1748276734136.0,2509.89,2511.39
1748276741657.0,2509.9,2511.4
1748276745872.0,2509.89,2511.39
1748276752804.0,2509.9,2511.4
1748276754776.0,2509.89,2511.39
1748276755000.0,2509.9,2511.4
1748276763244.0,2509.89,2511.39
1748276767426.0,2509.9,2511.4
1748276767647.0,2509.89,2511.39
1748276777437.0,2509.9,2511.4
1748276800879.0,2509.89,2511.39
1748276812622.0,2509.9,2511.4
1748276817773.0,2509.89,2511.39
1748276818169.0,2509.9,2511.4
1748276855110.0,2509.89,2511.39
1748276855784.0,2509.9,2511.4
1748276862459.0,2509.89,2511.39
1748276880396.0,2509.9,2511.4
1748276880791.0,2509.89,2511.39
1748276882442.0,2509.9,2511.4
1748276882660.0,2509.89,2511.39
1748276911572.0,2509.9,2511.4
1748276918375.0,2509.89,2511.39
1748276918801.0,2509.9,2511.4
1748276937870.0,2509.89,2511.39
1748276958791.0,2509.9,2511.4
1748276961414.0,2509.89,2511.39
1748276961639.0,2509.9,2511.4
1748276966450.0,2509.89,2511.39
1748276967546.0,2509.9,2511.4
1748276968702.0,2509.89,2511.39
1748276969131.0,2509.9,2511.4
1748276969352.0,2509.89,2511.39
1748276995285.0,2509.9,2511.4
1748276997059.0,2510.31,2511.81
1748276998205.0,2509.9,2511.4
1748277002034.0,2509.89,2511.39
1748277004882.0,2509.9,2511.4
1748277005987.0,2509.89,2511.39
1748277016145.0,2509.9,2511.4
1748277024700.0,2509.89,2511.39
1748277060987.0,2509.93,2511.43
1748277114907.0,2509.92,2511.42
1748277116345.0,2509.93,2511.43
1748277127238.0,2509.92,2511.42
1748277137656.0,2509.93,2511.43
1748277240322.0,2509.92,2511.42
1748277240688.0,2509.93,2511.43
1748277241087.0,2509.92,2511.42
1748277241663.0,2509.93,2511.43
1748277244495.0,2509.92,2511.42
1748277253081.0,2509.93,2511.43
1748277295267.0,2509.91,2511.41
1748277315415.0,2510.32,2511.82
1748277456304.0,2510.33,2511.83
1748277504043.0,2510.34,2511.84
1748277511449.0,2510.33,2511.83
1748277516711.0,2510.34,2511.84
1748277557913.0,2510.33,2511.83
1748277560779.0,2510.34,2511.84
1748277561006.0,2510.33,2511.83
1748277564609.0,2510.34,2511.84
1748277564833.0,2510.33,2511.83
1748277566435.0,2510.34,2511.84
1748277569146.0,2510.33,2511.83
1748277579732.0,2510.34,2511.84
1748277579953.0,2510.33,2511.83
1748277586360.0,2510.34,2511.84
1748277591890.0,2510.33,2511.83
1748277592958.0,2510.34,2511.84
1748277602884.0,2510.33,2511.83
1748277819357.0,2510.73,2512.23
1748277819970.0,2510.74,2512.24
1748277820709.0,2510.73,2512.23
1748277825863.0,2510.74,2512.24
1748277864434.0,2510.73,2512.23
1748277866853.0,2510.74,2512.24
1748277900660.0,2510.75,2512.25
1748277901658.0,2510.74,2512.24
1748277901882.0,2510.75,2512.25
1748277904098.0,2510.74,2512.24
1748277911297.0,2510.75,2512.25
1748277912668.0,2510.76,2512.26
1748277913365.0,2510.75,2512.25
1748277915599.0,2510.76,2512.26
1748277915776.0,2511.17,2512.67
1748277916576.0,2511.18,2512.68
1748277916799.0,2511.17,2512.67
1748277917417.0,2510.76,2512.26
1748277918437.0,2510.97,2512.47
1748277919801.0,2510.77,2512.27
1748277920105.0,2510.97,2512.47
1748277920642.0,2511.17,2512.67
1748277928886.0,2511.16,2512.66
1748277935833.0,2511.17,2512.67
1748277938569.0,2510.76,2512.26
1748277944263.0,2510.77,2512.27
1748277945183.0,2510.76,2512.26
1748277950120.0,2510.77,2512.27
1748277957388.0,2510.76,2512.26
1748277960558.0,2510.77,2512.27
1748277961466.0,2511.17,2512.67
1748277987841.0,2510.76,2512.26
1748277990896.0,2511.17,2512.67
1748277994793.0,2511.16,2512.66
1748277999256.0,2510.75,2512.25
1748277999564.0,2510.76,2512.26
1748277999956.0,2510.75,2512.25
1748278000182.0,2510.76,2512.26
1748278003883.0,2510.75,2512.25
1748278007958.0,2510.76,2512.26
1748278080617.0,2510.75,2512.25
1748278086709.0,2510.76,2512.26
1748278086934.0,2510.75,2512.25
1748278258385.0,2510.77,2512.27
1748278275410.0,2510.8,2512.3
1748278445703.0,2510.81,2512.31
1748278458322.0,2510.8,2512.3
1748278459588.0,2510.81,2512.31
1748278461741.0,2510.8,2512.3
1748278480278.0,2510.81,2512.31
1748278486609.0,2510.8,2512.3
1748278500542.0,2510.81,2512.31
1748278500861.0,2510.8,2512.3
1748278502995.0,2510.81,2512.31
1748278518307.0,2510.82,2512.32
1748278532059.0,2511.23,2512.73
1748278544885.0,2511.24,2512.74
1748278599084.0,2511.25,2512.75
1748278609997.0,2511.26,2512.76
1748278610628.0,2511.25,2512.75
1748278616881.0,2511.26,2512.76
1748278619602.0,2511.25,2512.75
1748278620350.0,2511.26,2512.76
1748278621080.0,2511.25,2512.75
1748278622760.0,2511.66,2513.16
1748278624492.0,2511.25,2512.75
1748278649961.0,2511.24,2512.74
1748278653024.0,2511.25,2512.75
1748278658775.0,2511.24,2512.74
1748278673672.0,2510.83,2512.33
1748278683900.0,2510.82,2512.32
1748278684920.0,2510.83,2512.33
1748278685769.0,2510.82,2512.32
1748278698614.0,2510.83,2512.33
1748278699196.0,2510.82,2512.32
1748278705930.0,2510.61,2512.11
1748278707066.0,2510.81,2512.31
1748278707436.0,2510.82,2512.32
1748278708220.0,2510.81,2512.31
1748278710288.0,2510.82,2512.32
1748278711288.0,2510.83,2512.33
1748278712508.0,2510.82,2512.32
1748278712893.0,2510.83,2512.33
1748278713292.0,2510.82,2512.32
1748278715716.0,2510.81,2512.31
1748278715938.0,2510.82,2512.32
1748278716474.0,2510.81,2512.31
1748278716699.0,2510.82,2512.32
1748278717228.0,2510.81,2512.31
1748278719482.0,2510.82,2512.32
1748278735785.0,2510.83,2512.33
1748278736537.0,2510.82,2512.32
1748278741172.0,2510.83,2512.33
1748278741646.0,2510.42,2511.92
1748278744760.0,2510.41,2511.91
1748278752794.0,2510.42,2511.92
1748278755998.0,2510.83,2512.33
1748278761622.0,2510.84,2512.34
1748278766599.0,2510.83,2512.33
1748278767506.0,2510.84,2512.34
1748278773784.0,2510.85,2512.35
1748278777381.0,2510.84,2512.34
1748278777982.0,2510.85,2512.35
1748278778207.0,2510.84,2512.34
1748278780286.0,2510.85,2512.35
1748278780508.0,2510.84,2512.34
1748278781220.0,2510.85,2512.35
1748278787088.0,2510.86,2512.36
1748278787312.0,2510.85,2512.35
1748278790644.0,2510.86,2512.36
1748278792309.0,2510.85,2512.35
1748278792532.0,2510.86,2512.36
1748278794433.0,2511.27,2512.77
1748278795906.0,2511.26,2512.76
1748278799349.0,2511.05,2512.55
1748278799634.0,2511.06,2512.56
1748278799859.0,2511.05,2512.55
1748278800084.0,2511.06,2512.56
1748278801324.0,2510.85,2512.35
1748278864793.0,2511.05,2512.55
1748278864890.0,2511.06,2512.56
1748278865144.0,2510.85,2512.35
1748278865466.0,2511.06,2512.56
1748278872642.0,2511.26,2512.76
1748278872739.0,2511.27,2512.77
1748278892462.0,2511.06,2512.56
1748278918120.0,2510.85,2512.35
1748278920182.0,2511.05,2512.55
1748278920275.0,2511.06,2512.56
1748278930455.0,2510.85,2512.35
1748278936918.0,2511.27,2512.77
1748279007429.0,2511.06,2512.56
1748279011618.0,2510.85,2512.35
1748279011842.0,2511.25,2512.75
1748279011938.0,2511.27,2512.77
1748279045369.0,2511.06,2512.56
1748279053571.0,2511.26,2512.76
1748279053666.0,2511.27,2512.77
1748279083275.0,2511.06,2512.56
1748279103813.0,2510.85,2512.35
1748279600283.0,2511.25,2512.75
1748279600384.0,2511.27,2512.77
1748279647219.0,2510.86,2512.36
1748279647317.0,2510.85,2512.35
1748280002756.0,2510.44,2511.94
1748280002853.0,2510.43,2511.93
1748280008983.0,2510.84,2512.34
1748280009079.0,2510.85,2512.35
1748280277110.0,2511.05,2512.55
1748280277208.0,2511.06,2512.56
1748280420281.0,2510.85,2512.35
1748280423053.0,2511.05,2512.55
1748280423151.0,2511.06,2512.56
1748280495469.0,2511.26,2512.76
1748280495566.0,2511.27,2512.77
1748280537513.0,2511.47,2512.97
1748280537612.0,2511.48,2512.98
1748280537832.0,2511.27,2512.77
1748281228798.0,2510.86,2512.36
1748281228896.0,2510.85,2512.35
1748281235313.0,2511.25,2512.75
1748281235410.0,2511.27,2512.77
1748281237601.0,2511.06,2512.56
1748281238209.0,2511.26,2512.76
1748281238304.0,2511.27,2512.77
1748281426752.0,2511.47,2512.97
1748281426852.0,2511.48,2512.98
1748281482250.0,2511.27,2512.77
1748281487567.0,2511.47,2512.97
1748281487663.0,2511.48,2512.98
1748281491183.0,2511.68,2513.18
1748281762177.0,2511.48,2512.98
1748281762402.0,2511.27,2512.77
1748282115646.0,2511.47,2512.97
1748282115742.0,2511.48,2512.98
1748282385304.0,2511.27,2512.77
1748282466286.0,2511.26,2512.76
1748282617651.0,2510.85,2512.35
1748282617749.0,2510.84,2512.34
1748282666044.0,2510.64,2512.14
1748282666143.0,2510.63,2512.13
1748282698355.0,2510.83,2512.33
1748282698576.0,2510.64,2512.14
1748282698671.0,2510.63,2512.13
1748282811232.0,2510.83,2512.33
1748282811329.0,2510.84,2512.34
1748283041448.0,2510.63,2512.13
1748283051931.0,2510.83,2512.33
1748283052025.0,2510.84,2512.34
1748283163141.0,2511.05,2512.55
1748283171149.0,2510.84,2512.34
1748283171991.0,2511.04,2512.54
1748283172087.0,2511.05,2512.55
1748283197618.0,2510.84,2512.34
1748283197840.0,2511.04,2512.54
1748283197938.0,2511.05,2512.55
1748283427886.0,2510.84,2512.34
1748283982404.0,2511.04,2512.54
1748283982502.0,2511.05,2512.55
1748284004013.0,2510.84,2512.34
1748286261080.0,2511.24,2512.74
1748286261176.0,2511.26,2512.76
1748286864908.0,2511.47,2512.97
1748286880648.0,2511.26,2512.76
1748286890341.0,2511.46,2512.96
1748286890562.0,2511.26,2512.76
1748286891158.0,2511.47,2512.97
1748286895967.0,2511.26,2512.76
1748286896417.0,2511.46,2512.96
1748286896514.0,2511.47,2512.97
1748286905147.0,2511.26,2512.76
1748286975189.0,2511.66,2513.16
1748286975285.0,2511.67,2513.17
1748287032076.0,2512.08,2513.58
1748287032297.0,2511.69,2513.19
1748287032394.0,2511.67,2513.17
1748287085476.0,2511.27,2512.77
1748287085570.0,2511.26,2512.76
1748287145060.0,2511.46,2512.96
1748287145158.0,2511.47,2512.97
1748287158856.0,2511.67,2513.17
1748287159077.0,2511.47,2512.97
1748287176579.0,2511.67,2513.17
1748287178751.0,2511.47,2512.97
1748287191853.0,2511.67,2513.17
1748287192073.0,2511.47,2512.97
1748287294553.0,2511.26,2512.76
1748287294775.0,2511.46,2512.96
1748287294871.0,2511.47,2512.97
1748287389978.0,2511.26,2512.76
1748287390197.0,2511.46,2512.96
1748287390420.0,2511.26,2512.76
1748287470939.0,2511.05,2512.55
1748287594261.0,2510.84,2512.34
1748287594484.0,2511.04,2512.54
1748287594581.0,2511.05,2512.55
1748287595112.0,2510.84,2512.34
1748287596021.0,2511.04,2512.54
1748287596118.0,2511.05,2512.55
1748287627651.0,2510.84,2512.34
1748287726814.0,2511.04,2512.54
1748287727034.0,2510.84,2512.34
1748287734657.0,2511.04,2512.54
1748287734752.0,2511.05,2512.55
1748287734881.0,2510.84,2512.34
1748287748349.0,2511.04,2512.54
1748287748443.0,2511.05,2512.55
1748287760006.0,2510.84,2512.34
1748287784189.0,2511.04,2512.54
1748287784284.0,2511.05,2512.55
1748287784407.0,2510.84,2512.34
1748287785844.0,2511.04,2512.54
1748287785940.0,2511.05,2512.55
1748287806934.0,2510.84,2512.34
1748287926978.0,2511.24,2512.74
1748287927074.0,2511.26,2512.76
1748287929354.0,2511.05,2512.55
1748288162428.0,2511.25,2512.75
1748288162525.0,2511.26,2512.76
1748288164743.0,2510.85,2512.35
1748288164838.0,2510.84,2512.34
1748288607432.0,2511.04,2512.54
1748288607529.0,2511.05,2512.55
1748288692146.0,2511.25,2512.75
1748288692367.0,2511.05,2512.55
1748288693493.0,2511.25,2512.75
1748288693588.0,2511.26,2512.76
1748288694659.0,2511.05,2512.55
1748288757972.0,2510.84,2512.34
1748289018260.0,2510.42,2511.92
1748289018983.0,2510.83,2512.33
1748289019079.0,2510.84,2512.34
1748289279181.0,2511.04,2512.54
1748289279496.0,2511.26,2512.76
1748289305371.0,2511.05,2512.55
1748289313435.0,2510.84,2512.34
1748289475035.0,2511.26,2512.76
1748289475627.0,2511.46,2512.96
1748289475722.0,2511.47,2512.97
1748289476192.0,2511.46,2512.96
1748289476641.0,2511.26,2512.76
1748289477791.0,2511.46,2512.96
1748289477887.0,2511.47,2512.97
1748289485280.0,2511.26,2512.76
1748289513912.0,2511.46,2512.96
1748289514008.0,2511.47,2512.97
1748289514964.0,2511.67,2513.17
1748289515542.0,2511.47,2512.97
1748289533330.0,2511.67,2513.17
1748289536350.0,2511.47,2512.97
1748289540784.0,2511.26,2512.76
1748289541433.0,2511.47,2512.97
1748289545324.0,2511.26,2512.76
1748289547010.0,2511.46,2512.96
1748289547104.0,2511.47,2512.97
1748289553332.0,2511.67,2513.17
1748289554076.0,2511.47,2512.97
1748289563107.0,2511.67,2513.17
1748289581562.0,2511.26,2512.76
1748289583858.0,2511.47,2512.97
1748289593332.0,2511.47,2512.97
1748289595405.0,2511.26,2512.76
1748289600308.0,2511.47,2512.97
1748289676298.0,2511.43,2512.93
